2 0.10396341463414634 0.7153003246753247 0.1225609756097561 0.04829545454545455
0 0.23628048780487804 0.7552759740259741 0.09451219512195122 0.125
0 0.38140243902439025 0.6992694805194806 0.05304878048780488 0.05113636363636364
0 0.44634146341463415 0.8212256493506495 0.09573170731707317 0.1684253246753247
0 0.5129573170731707 0.7435064935064936 0.08628048780487804 0.14366883116883117
0 0.46829268292682924 0.9456168831168832 0.08963414634146341 0.10795454545454546
2 0.6179878048780488 0.6860795454545455 0.0951219512195122 0.040990259740259744
0 0.7233231707317073 0.7404626623376623 0.11310975609756098 0.10430194805194806
0 0.9626524390243902 0.7345779220779222 0.07408536585365853 0.08847402597402598
2 0.8519817073170731 0.6948051948051949 0.11432926829268293 0.07467532467532469
