0 0.8100609756097561 0.7065746753246753 0.11768292682926829 0.13636363636363638
1 0.8489329268292682 0.5982142857142857 0.09176829268292683 0.14935064935064937
0 0.8173780487804878 0.5517451298701299 0.10121951219512196 0.12297077922077923
1 0.745579268292683 0.601663961038961 0.09786585365853659 0.12297077922077923
0 0.5475609756097561 0.4525162337662338 0.10060975609756098 0.137987012987013
0 0.5878048780487805 0.5073051948051949 0.07804878048780488 0.13392857142857142
0 0.6576219512195122 0.5178571428571429 0.07926829268292683 0.14691558441558442
2 0.7176829268292683 0.5377435064935066 0.06890243902439025 0.10227272727272728
2 0.6690548780487805 0.7751623376623377 0.08384146341463415 0.1663961038961039
0 0.3888719512195122 0.6461038961038962 0.0826219512195122 0.14935064935064937
0 0.31935975609756095 0.7364042207792209 0.09786585365853659 0.16517857142857145
1 0.18704268292682927 0.6154626623376623 0.0801829268292683 0.13676948051948054
2 0.2634146341463415 0.5369318181818182 0.056707317073170734 0.09090909090909091
2 0.32423780487804876 0.507913961038961 0.06128048780487805 0.0864448051948052
0 0.24253048780487804 0.692775974025974 0.07713414634146341 0.14772727272727273
1 0.2663109756097561 0.6103896103896105 0.08079268292682927 0.1030844155844156
2 0.3211890243902439 0.6028814935064936 0.06128048780487805 0.10349025974025974
2 0.4722560975609756 0.5083198051948052 0.04573170731707317 0.05073051948051949
