2 0.17682926829268292 0.8500405844155845 0.10853658536585366 0.16761363636363638
0 0.2685975609756098 0.7146915584415585 0.09695121951219512 0.1030844155844156
0 0.4452743902439024 0.6877029220779222 0.07042682926829268 0.057224025974025976
0 0.5303353658536586 0.650974025974026 0.08445121951219513 0.125
0 0.5757621951219513 0.8762175324675325 0.08810975609756097 0.1444805194805195
0 0.6637195121951219 0.9354707792207793 0.0798780487804878 0.11201298701298702
2 0.635060975609756 0.702922077922078 0.06097560975609756 0.10957792207792208
2 0.7189024390243902 0.6739042207792209 0.048170731707317074 0.04017857142857143
2 0.6336890243902439 0.7804383116883118 0.049695121951219515 0.1387987012987013
0 0.5783536585365854 0.7727272727272728 0.0774390243902439 0.14935064935064937
