2 0.022103658536585365 0.7982954545454546 0.04420731707317073 0.14691558441558442
0 0.33490853658536585 0.749797077922078 0.08689024390243902 0.1286525974025974
2 0.2774390243902439 0.7171266233766235 0.06951219512195123 0.06818181818181819
2 0.11173780487804878 0.9545454545454546 0.09054878048780488 0.0900974025974026
0 0.2734756097560976 0.8636363636363636 0.11341463414634147 0.1728896103896104
2 0.4236280487804878 0.7189529220779222 0.06737804878048781 0.0929383116883117
2 0.519359756097561 0.7065746753246753 0.09359756097560976 0.08035714285714286
0 0.5585365853658537 0.7504058441558442 0.09939024390243903 0.10795454545454546
2 0.5221036585365854 0.9713879870129871 0.08140243902439025 0.056412337662337664
2 0.8288109756097561 0.6816152597402598 0.06067073170731707 0.04667207792207793
