0 0.14435975609756097 0.4981737012987013 0.15640243902439024 0.16112012987012989
2 0.9472560975609756 0.4096996753246753 0.1048780487804878 0.11728896103896104
1 0.0798780487804878 0.8766233766233766 0.1323170731707317 0.18100649350649353
0 0.3782012195121951 0.78125 0.1003048780487805 0.16233766233766234
0 0.37637195121951217 0.9362824675324676 0.11432926829268293 0.12662337662337664
0 0.8483231707317073 0.7386363636363636 0.10396341463414634 0.12175324675324677
0 0.8341463414634146 0.9212662337662338 0.11341463414634147 0.15665584415584416
0 0.8580792682926829 0.8427353896103896 0.10518292682926829 0.13271103896103897
0 0.6766768292682926 0.8543019480519481 0.08201219512195122 0.1517857142857143
0 0.6583841463414634 0.7591314935064936 0.09054878048780488 0.1335227272727273
0 0.5330792682926829 0.9547483766233766 0.058231707317073174 0.08969155844155845
0 0.5826219512195122 0.8650568181818182 0.10609756097560975 0.11485389610389611
0 0.6045731707317074 0.9504870129870131 0.09817073170731708 0.09821428571428573
