2 0.11570121951219513 0.7469561688311689 0.08201219512195122 0.08319805194805195
2 0.3120426829268293 0.7010957792207793 0.09054878048780488 0.06290584415584416
2 0.32484756097560974 0.7522321428571429 0.05030487804878049 0.04342532467532468
0 0.5019817073170731 0.7197646103896105 0.09054878048780488 0.09943181818181819
0 0.5663109756097561 0.9040178571428572 0.08201219512195122 0.15868506493506496
0 0.5910060975609757 0.6990665584415585 0.09298780487804878 0.07021103896103896
0 0.6766768292682926 0.736810064935065 0.1100609756097561 0.12621753246753248
0 0.9105182926829268 0.6877029220779222 0.11859756097560975 0.08887987012987014
2 0.8106707317073171 0.6812094155844156 0.08475609756097562 0.04667207792207793
1 0.8365853658536585 0.7895698051948052 0.11707317073170731 0.10430194805194806
0 0.8329268292682926 0.8784496753246753 0.11158536585365854 0.10267857142857144
2 0.7536585365853659 0.9579951298701299 0.05060975609756098 0.08319805194805195
2 0.6585365853658537 0.8573457792207793 0.08353658536585366 0.11160714285714286
2 0.5640243902439024 0.7875405844155845 0.039634146341463415 0.09456168831168832
0 0.5980182926829268 0.8155438311688312 0.053353658536585365 0.17329545454545456
