1 0.09344512195121951 0.8183847402597403 0.09664634146341464 0.12946428571428573
2 0.0885670731707317 0.7280844155844156 0.07835365853658537 0.0689935064935065
2 0.46158536585365856 0.6903409090909092 0.04024390243902439 0.03652597402597403
0 0.5422256097560976 0.6903409090909092 0.07652439024390244 0.06331168831168832
0 0.6253048780487804 0.6889204545454546 0.057926829268292686 0.049918831168831175
1 0.6457317073170732 0.7372159090909092 0.10853658536585366 0.11647727272727273
1 0.8512195121951219 0.7453327922077922 0.10304878048780487 0.09212662337662338
0 0.769969512195122 0.7114448051948052 0.07896341463414634 0.1168831168831169
0 0.8400914634146341 0.6838474025974026 0.08079268292682927 0.048701298701298704
2 0.9640243902439024 0.7246347402597403 0.06829268292682927 0.08400974025974027
