1 0.6440548780487805 0.7489853896103896 0.10640243902439024 0.12215909090909091
0 0.4844512195121951 0.7140827922077922 0.07560975609756097 0.08319805194805195
2 0.5315548780487804 0.7077922077922079 0.04908536585365854 0.07142857142857144
0 0.5801829268292683 0.6854707792207793 0.058536585365853655 0.03246753246753247
0 0.725 0.7112418831168832 0.09024390243902439 0.09780844155844157
2 0.9689024390243902 0.737012987012987 0.061585365853658536 0.0551948051948052
2 0.9021341463414634 0.6970373376623377 0.08109756097560976 0.08157467532467533
2 0.9658536585365853 0.6808035714285715 0.0676829268292683 0.052353896103896104
2 0.24420731707317073 0.7424918831168832 0.09085365853658536 0.11323051948051949
0 0.0649390243902439 0.7536525974025975 0.08475609756097562 0.10876623376623377
2 0.11722560975609755 0.7885551948051949 0.0625 0.12581168831168832
2 0.16783536585365855 0.7197646103896105 0.06615853658536586 0.06615259740259741
