0 0.17134146341463416 0.13392857142857142 0.14939024390243902 0.16558441558441558
0 0.6114329268292683 0.29078733766233766 0.10579268292682927 0.1497564935064935
0 0.19664634146341464 0.6891233766233766 0.10792682926829268 0.11444805194805195
0 0.2503048780487805 0.8766233766233766 0.0975609756097561 0.17694805194805197
2 0.051829268292682924 0.7189529220779222 0.0524390243902439 0.09375
2 0.010823170731707316 0.7059659090909092 0.021646341463414633 0.04261363636363637
2 0.34557926829268293 0.6956168831168832 0.06371951219512195 0.06087662337662338
0 0.23948170731707316 0.7471590909090909 0.0350609756097561 0.045454545454545456
0 0.3882621951219512 0.9285714285714286 0.09786585365853659 0.14204545454545456
0 0.5721036585365854 0.7571022727272728 0.09725609756097561 0.15056818181818182
0 0.8448170731707317 0.8056006493506495 0.10792682926829268 0.16964285714285715
0 0.9196646341463415 0.9046266233766235 0.12591463414634146 0.16314935064935066
