0 0.09359756097560976 0.723823051948052 0.04939024390243903 0.06290584415584416
2 0.14298780487804877 0.7719155844155845 0.07682926829268293 0.13474025974025974
0 0.1989329268292683 0.7155032467532468 0.11615853658536586 0.06737012987012987
1 0.37134146341463414 0.765422077922078 0.12439024390243902 0.10714285714285715
0 0.3670731707317073 0.692573051948052 0.06402439024390244 0.03530844155844156
0 0.4690548780487805 0.6990665584415585 0.08567073170731708 0.0929383116883117
0 0.725 0.6933847402597403 0.10548780487804878 0.08319805194805195
2 0.6100609756097561 0.6958198051948052 0.0676829268292683 0.08238636363636365
0 0.5179878048780487 0.7595373376623377 0.11219512195121951 0.10998376623376624
2 0.9222560975609756 0.7181412337662338 0.09634146341463415 0.10836038961038962
