2 0.0839939024390244 0.7335633116883118 0.07835365853658537 0.0799512987012987
0 0.14420731707317072 0.7120535714285715 0.045121951219512194 0.04748376623376624
1 0.19878048780487806 0.7562905844155845 0.10914634146341463 0.1278409090909091
1 0.09344512195121951 0.7907873376623377 0.11371951219512196 0.09699675324675325
2 0.3717987804878049 0.7221996753246753 0.09298780487804878 0.09050324675324677
0 0.38948170731707316 0.8400974025974026 0.08079268292682927 0.16558441558441558
0 0.6160060975609756 0.7857142857142858 0.09664634146341464 0.11607142857142858
0 0.5667682926829268 0.6879058441558442 0.048170731707317074 0.03652597402597403
0 0.635060975609756 0.7357954545454546 0.10792682926829268 0.06655844155844157
0 0.6341463414634146 0.6842532467532468 0.06951219512195123 0.07467532467532469
0 0.6884146341463414 0.6911525974025975 0.03536585365853658 0.05438311688311689
2 0.7254573170731707 0.7130681818181819 0.04847560975609756 0.07954545454545454
2 0.7623475609756097 0.6879058441558442 0.030792682926829268 0.04788961038961039
2 0.8092987804878049 0.700487012987013 0.06554878048780488 0.07224025974025974
0 0.8541158536585366 0.7416801948051949 0.07164634146341463 0.08887987012987014
