2 0.023323170731707317 0.7236201298701299 0.046646341463414634 0.1996753246753247
1 0.41829268292682925 0.8248782467532468 0.10365853658536585 0.1286525974025974
0 0.5810975609756097 0.7881493506493507 0.06890243902439025 0.16396103896103897
0 0.5013719512195122 0.8118912337662338 0.0923780487804878 0.1351461038961039
0 0.4899390243902439 0.7475649350649352 0.10548780487804878 0.09902597402597403
2 0.4657012195121951 0.7059659090909092 0.08810975609756097 0.07183441558441558
0 0.5553353658536585 0.6854707792207793 0.04908536585365854 0.03652597402597403
0 0.6771341463414634 0.6919642857142858 0.09268292682926829 0.0900974025974026
0 0.8475609756097561 0.7337662337662338 0.0871951219512195 0.14042207792207792
0 0.9346036585365853 0.7345779220779222 0.12896341463414634 0.13230519480519481
0 0.8742378048780488 0.9439935064935066 0.14054878048780486 0.1112012987012987
