2 0.9560975609756097 0.7386363636363636 0.0871951219512195 0.12175324675324677
2 0.9823170731707317 0.7652191558441559 0.03475609756097561 0.07832792207792208
2 0.9803353658536585 0.674310064935065 0.03871951219512195 0.03855519480519481
0 0.886890243902439 0.726461038961039 0.09329268292682927 0.12743506493506496
1 0.6714939024390244 0.7483766233766235 0.06615853658536586 0.12662337662337664
2 0.6176829268292683 0.726461038961039 0.06097560975609756 0.12175324675324677
0 0.5884146341463414 0.6854707792207793 0.042682926829268296 0.03977272727272727
2 0.49009146341463417 0.6915584415584416 0.0625 0.045454545454545456
2 0.26951219512195124 0.7043425324675325 0.051829268292682924 0.04342532467532468
0 0.18658536585365854 0.7124594155844156 0.10365853658536585 0.04910714285714286
0 0.1809451219512195 0.7648133116883118 0.12103658536585366 0.08400974025974027
2 0.40487804878048783 0.6915584415584416 0.09085365853658536 0.030032467532467536
