2 0.0586890243902439 0.8143262987012988 0.038109756097560975 0.14488636363636365
0 0.09435975609756098 0.7918019480519481 0.04359756097560975 0.16314935064935066
2 0.14740853658536585 0.7564935064935066 0.09603658536585366 0.10795454545454546
0 0.1551829268292683 0.8709415584415585 0.0951219512195122 0.15016233766233766
0 0.20091463414634148 0.7359983766233766 0.10426829268292682 0.16030844155844157
0 0.2891768292682927 0.778612012987013 0.10152439024390243 0.09131493506493507
0 0.3364329268292683 0.6996753246753247 0.10152439024390243 0.09172077922077923
0 0.3719512195121951 0.7605519480519481 0.09390243902439024 0.12824675324675325
0 0.6992378048780488 0.5231331168831169 0.09847560975609757 0.13555194805194806
0 0.7054878048780487 0.6897321428571429 0.0676829268292683 0.13271103896103897
