0 0.8489329268292682 0.10491071428571429 0.13993902439024392 0.16761363636363638
0 0.1111280487804878 0.23031655844155846 0.13201219512195123 0.1911525974025974
0 0.23887195121951219 0.4874188311688312 0.12957317073170732 0.17694805194805197
0 0.3310975609756098 0.6026785714285715 0.1329268292682927 0.16233766233766234
2 0.9714939024390243 0.8534902597402598 0.056402439024390245 0.1931818181818182
2 0.6871951219512195 0.8928571428571429 0.08841463414634146 0.21347402597402598
0 0.07682926829268293 0.9427759740259741 0.12073170731707317 0.11363636363636365
0 0.06737804878048781 0.8457792207792209 0.10853658536585366 0.15097402597402598
2 0.016310975609756098 0.7769886363636365 0.032621951219512196 0.09699675324675325
2 0.014329268292682927 0.9496753246753248 0.028658536585365855 0.06980519480519481
