2 0.09344512195121951 0.49269480519480524 0.09054878048780488 0.17694805194805197
2 0.9714939024390243 0.6239853896103896 0.056402439024390245 0.06209415584415585
2 0.8591463414634146 0.640422077922078 0.041463414634146344 0.08522727272727273
2 0.8233231707317074 0.8652597402597403 0.10701219512195122 0.18100649350649353
2 0.8841463414634146 0.9334415584415585 0.08170731707317073 0.13230519480519481
2 0.7684451219512195 0.9364853896103896 0.09481707317073171 0.12621753246753248
2 0.6554878048780488 0.9151785714285715 0.09268292682926829 0.16883116883116883
2 0.020121951219512196 0.8758116883116883 0.04024390243902439 0.1858766233766234
2 0.06722560975609757 0.7203733766233766 0.08201219512195122 0.11444805194805195
2 0.09115853658536585 0.7808441558441559 0.06402439024390244 0.15422077922077923
2 0.14557926829268292 0.7179383116883117 0.060060975609756095 0.12581168831168832
2 0.23429878048780486 0.71875 0.0875 0.12581168831168832
0 0.15960365853658537 0.9076704545454546 0.07408536585365853 0.1830357142857143
0 0.2611280487804878 0.8234577922077922 0.12103658536585366 0.1875
2 0.36753048780487807 0.7142857142857143 0.10213414634146341 0.1517857142857143
0 0.35625 0.8490259740259741 0.09542682926829268 0.14853896103896105
2 0.43307926829268295 0.864448051948052 0.0649390243902439 0.17370129870129872
2 0.4530487804878049 0.7552759740259741 0.07804878048780488 0.15097402597402598
