0 0.3208841463414634 0.7132711038961039 0.05579268292682927 0.06939935064935066
0 0.21189024390243902 0.7027191558441559 0.09634146341463415 0.06858766233766234
0 0.08323170731707318 0.8244724025974026 0.06707317073170732 0.1400162337662338
2 0.04725609756097561 0.7327516233766235 0.058536585365853655 0.08076298701298702
2 0.1801829268292683 0.8116883116883118 0.09390243902439024 0.09902597402597403
0 0.1486280487804878 0.7469561688311689 0.11676829268292684 0.07589285714285715
2 0.4557926829268293 0.692573051948052 0.10792682926829268 0.03855519480519481
0 0.49375 0.8043831168831169 0.12225609756097561 0.10227272727272728
0 0.6083841463414634 0.8001217532467533 0.0850609756097561 0.17086038961038963
2 0.7411585365853659 0.6828327922077922 0.08658536585365853 0.04017857142857143
0 0.913109756097561 0.7804383116883118 0.10914634146341463 0.15259740259740262
2 0.9689024390243902 0.7331574675324676 0.061585365853658536 0.07589285714285715
2 0.9778963414634146 0.8323863636363636 0.04359756097560975 0.1314935064935065
