0 0.0399390243902439 0.7946428571428572 0.0798780487804878 0.13636363636363638
0 0.20670731707317072 0.713474025974026 0.12378048780487805 0.08847402597402598
0 0.2934451219512195 0.7479707792207793 0.1173780487804878 0.13474025974025974
2 0.23140243902439026 0.9151785714285715 0.10304878048780487 0.16883116883116883
0 0.4649390243902439 0.7096185064935066 0.09817073170731708 0.09780844155844157
0 0.5347560975609756 0.7100243506493507 0.0475609756097561 0.0856331168831169
0 0.5942073170731708 0.6905438311688312 0.061585365853658536 0.04667207792207793
0 0.6469512195121951 0.6917613636363636 0.054878048780487805 0.052353896103896104
0 0.7105182926829269 0.7244318181818182 0.0826219512195122 0.12987012987012989
0 0.7714939024390244 0.7424918831168832 0.11189024390243903 0.09943181818181819
