2 0.03429878048780488 0.03652597402597403 0.06859756097560976 0.07305194805194806
2 0.046341463414634146 0.46875000000000006 0.09268292682926829 0.12337662337662339
0 0.5137195121951219 0.34435876623376627 0.11829268292682926 0.1286525974025974
2 0.13185975609756098 0.7132711038961039 0.10274390243902438 0.05073051948051949
0 0.4190548780487805 0.7311282467532468 0.06128048780487805 0.1286525974025974
2 0.5908536585365853 0.6625405844155845 0.07682926829268293 0.13027597402597405
2 0.7201219512195122 0.7015016233766235 0.07439024390243902 0.06615259740259741
2 0.8048780487804879 0.705762987012987 0.07378048780487804 0.08766233766233766
2 0.8635670731707317 0.9551542207792209 0.056402439024390245 0.08887987012987014
0 0.5867378048780488 0.9163961038961039 0.10884146341463415 0.1663961038961039
