0 0.5606707317073171 0.24573863636363638 0.12439024390243902 0.17086038961038963
0 0.2992378048780488 0.1369724025974026 0.11676829268292684 0.1846590909090909
0 0.12042682926829268 0.39772727272727276 0.14634146341463414 0.16314935064935066
0 0.035518292682926826 0.35389610389610393 0.07103658536585365 0.19886363636363638
2 0.018902439024390243 0.7183441558441559 0.03780487804878049 0.04707792207792208
0 0.19984756097560977 0.8051948051948052 0.07835365853658537 0.1517857142857143
0 0.3928353658536585 0.6966314935064936 0.09603658536585366 0.10836038961038962
0 0.436890243902439 0.7851055194805195 0.09329268292682927 0.1351461038961039
2 0.49070121951219514 0.7136769480519481 0.046646341463414634 0.0929383116883117
0 0.5245426829268293 0.7991071428571429 0.06920731707317074 0.15503246753246755
2 0.6082317073170732 0.6917613636363636 0.09939024390243903 0.052353896103896104
2 0.7689024390243903 0.7244318181818182 0.10304878048780487 0.12905844155844157
