2 0.2865853658536585 0.4358766233766234 0.12682926829268293 0.1444805194805195
2 0.029573170731707316 0.723823051948052 0.0475609756097561 0.05478896103896104
0 0.09024390243902439 0.7163149350649352 0.08902439024390243 0.0551948051948052
0 0.1649390243902439 0.7272727272727273 0.06524390243902439 0.14691558441558442
2 0.2086890243902439 0.7248376623376623 0.05030487804878049 0.07629870129870131
2 0.3408536585365854 0.703125 0.10060975609756098 0.0929383116883117
0 0.3475609756097561 0.6012581168831169 0.10670731707317073 0.12215909090909091
2 0.5065548780487805 0.7282873376623377 0.06737804878048781 0.056412337662337664
0 0.5416158536585366 0.6948051948051949 0.1003048780487805 0.0551948051948052
0 0.8385670731707318 0.6698457792207793 0.0826219512195122 0.1002435064935065
0 0.8510670731707317 0.7816558441558442 0.09054878048780488 0.13474025974025974
2 0.7524390243902439 0.6903409090909092 0.09329268292682927 0.06412337662337662
