0 0.5762195121951219 0.3230519480519481 0.10670731707317073 0.17207792207792208
0 0.3975609756097561 0.45109577922077926 0.13658536585365855 0.16030844155844157
0 0.13948170731707318 0.7140827922077922 0.10579268292682927 0.057224025974025976
0 0.07347560975609756 0.7400568181818182 0.051829268292682924 0.0856331168831169
0 0.04085365853658537 0.8076298701298702 0.060365853658536583 0.14285714285714288
2 0.01524390243902439 0.7303165584415585 0.03048780487804878 0.06534090909090909
2 0.34710365853658537 0.6960227272727273 0.06067073170731707 0.038149350649350655
0 0.39115853658536587 0.8252840909090909 0.09451219512195122 0.15868506493506496
2 0.45365853658536587 0.7232142857142858 0.07073170731707316 0.10551948051948053
0 0.46204268292682926 0.825487012987013 0.0801829268292683 0.1444805194805195
0 0.5219512195121951 0.7329545454545455 0.09146341463414634 0.1168831168831169
2 0.6309451219512195 0.6540178571428572 0.07896341463414634 0.09699675324675325
2 0.6983231707317074 0.7008928571428572 0.06920731707317074 0.15584415584415584
2 0.911890243902439 0.7228084415584416 0.09085365853658536 0.12175324675324677
2 0.9705792682926829 0.7246347402597403 0.058231707317073174 0.12378246753246754
