0 0.6783536585365854 0.29748376623376627 0.10609756097560975 0.1801948051948052
0 0.6123475609756097 0.5844155844155845 0.11128048780487805 0.17207792207792208
0 0.9375 0.7142857142857143 0.05975609756097561 0.06980519480519481
2 0.8477134146341463 0.7075892857142858 0.1551829268292683 0.16517857142857145
0 0.6902439024390243 0.8066152597402598 0.07804878048780488 0.1627435064935065
2 0.5454268292682927 0.9397321428571429 0.0774390243902439 0.11972402597402598
0 0.6094512195121952 0.9638798701298702 0.06219512195121951 0.07142857142857144
2 0.4989329268292683 0.6984577922077922 0.07103658536585365 0.05438311688311689
2 0.39375 0.7012987012987013 0.08628048780487804 0.053571428571428575
0 0.20762195121951219 0.8135146103896105 0.10304878048780487 0.15381493506493507
0 0.28216463414634146 0.7568993506493507 0.08323170731707318 0.1387987012987013
0 0.3205792682926829 0.6032873376623377 0.0875 0.15625
0 0.26676829268292684 0.6235795454545455 0.09939024390243903 0.14650974025974026
