0 0.05838414634146342 0.7203733766233766 0.07591463414634146 0.125
0 0.23216463414634148 0.7118506493506493 0.1076219512195122 0.07061688311688312
0 0.169359756097561 0.7587256493506495 0.060060975609756095 0.0864448051948052
2 0.2135670731707317 0.8094561688311689 0.09176829268292683 0.07508116883116883
2 0.42301829268292684 0.7086038961038962 0.08201219512195122 0.07224025974025974
2 0.5416158536585366 0.7299107142857143 0.05945121951219512 0.10430194805194806
0 0.4913109756097561 0.6921672077922079 0.07469512195121951 0.03855519480519481
2 0.08567073170731708 0.822849025974026 0.06402439024390244 0.1546266233766234
2 0.5896341463414634 0.6891233766233766 0.06890243902439025 0.040584415584415584
0 0.8019817073170732 0.7321428571428572 0.11493902439024391 0.0900974025974026
2 0.7884146341463415 0.6814123376623377 0.08048780487804878 0.03165584415584416
0 0.9638719512195122 0.7349837662337663 0.07164634146341463 0.10227272727272728
