2 0.08780487804878048 0.7502029220779222 0.08963414634146341 0.13027597402597405
2 0.013871951219512195 0.7412743506493507 0.02774390243902439 0.09618506493506494
2 0.08734756097560975 0.786323051948052 0.12896341463414634 0.10592532467532469
0 0.2277439024390244 0.7763798701298702 0.13841463414634148 0.0900974025974026
0 0.47027439024390244 0.6195211038961039 0.10518292682926829 0.14407467532467533
0 0.3548780487804878 0.6911525974025975 0.09146341463414634 0.03977272727272727
0 0.4503048780487805 0.8315746753246753 0.11646341463414635 0.10795454545454546
0 0.4823170731707317 0.7293019480519481 0.08292682926829269 0.10470779220779221
0 0.7001524390243903 0.6883116883116883 0.08140243902439025 0.05113636363636364
0 0.7977134146341464 0.7587256493506495 0.09542682926829268 0.10754870129870131
0 0.870579268292683 0.7230113636363636 0.07713414634146341 0.08806818181818182
2 0.9678353658536585 0.6763392857142858 0.06371951219512195 0.0450487012987013
