0 0.10548780487804878 0.08969155844155845 0.14939024390243902 0.1793831168831169
0 0.9359756097560976 0.2142857142857143 0.1274390243902439 0.17775974025974028
0 0.8361280487804879 0.36181006493506496 0.14847560975609755 0.15706168831168832
0 0.41051829268292683 0.6045048701298702 0.09908536585365854 0.1278409090909091
2 0.10015243902439025 0.7059659090909092 0.08689024390243902 0.060470779220779224
2 0.7114329268292683 0.7954545454545455 0.13689024390243903 0.2767857142857143
2 0.7623475609756097 0.7871347402597403 0.08384146341463415 0.14569805194805197
2 0.6788109756097561 0.9458198051948052 0.09359756097560976 0.10754870129870131
2 0.47027439024390244 0.6856737012987013 0.08140243902439025 0.15300324675324675
0 0.5282012195121951 0.692775974025974 0.08932926829268292 0.1176948051948052
