0 0.2211890243902439 0.7094155844155845 0.08628048780487804 0.07467532467532469
1 0.08887195121951219 0.8013392857142858 0.08445121951219513 0.1335227272727273
0 0.07957317073170732 0.710836038961039 0.10060975609756098 0.06290584415584416
2 0.26509146341463413 0.7713068181818182 0.07286585365853658 0.07751623376623377
0 0.4024390243902439 0.723823051948052 0.061585365853658536 0.09456168831168832
2 0.32698170731707316 0.7049512987012988 0.0801829268292683 0.057629870129870135
0 0.35289634146341464 0.8005275974025975 0.0850609756097561 0.1554383116883117
0 0.4896341463414634 0.7179383116883117 0.07134146341463414 0.09090909090909091
0 0.8521341463414634 0.6836444805194806 0.05426829268292683 0.07832792207792208
2 0.7160060975609757 0.7098214285714286 0.09176829268292683 0.09577922077922078
0 0.7728658536585366 0.7668425324675325 0.07926829268292683 0.07751623376623377
2 0.833079268292683 0.7623782467532468 0.07164634146341463 0.09780844155844157
2 0.886280487804878 0.7309253246753247 0.05060975609756098 0.13636363636363638
2 0.9391768292682927 0.7272727272727273 0.047865853658536586 0.13474025974025974
2 0.9769817073170731 0.721185064935065 0.04542682926829268 0.11201298701298702
