0 0.030335365853658536 0.8368506493506495 0.06067073170731707 0.16314935064935066
2 0.11890243902439024 0.7201704545454546 0.1 0.0588474025974026
0 0.30320121951219514 0.7195616883116883 0.07103658536585365 0.07711038961038962
0 0.3291158536585366 0.9206574675324676 0.08201219512195122 0.15787337662337664
2 0.40426829268292686 0.7414772727272728 0.0774390243902439 0.12662337662337664
2 0.48902439024390243 0.6893262987012988 0.10060975609756098 0.036931818181818184
0 0.6172256097560975 0.6661931818181819 0.11371951219512196 0.14082792207792208
0 0.848170731707317 0.7351866883116883 0.13475609756097562 0.10836038961038962
0 0.7044207317073171 0.7534496753246753 0.12469512195121951 0.10754870129870131
0 0.4582317073170732 0.7881493506493507 0.0798780487804878 0.17613636363636365
0 0.47728658536585367 0.8954951298701299 0.11310975609756098 0.1481331168831169
0 0.5375 0.7625811688311689 0.08658536585365853 0.12743506493506496
0 0.5690548780487805 0.6879058441558442 0.04359756097560975 0.03652597402597403
