0 0.15121951219512195 0.06737012987012987 0.14085365853658535 0.13474025974025974
0 0.9298780487804879 0.7635957792207793 0.06219512195121951 0.1489448051948052
0 0.8728658536585366 0.7771915584415585 0.08414634146341464 0.14691558441558442
2 0.599390243902439 0.718547077922078 0.0798780487804878 0.1002435064935065
0 0.550609756097561 0.7465503246753247 0.04085365853658537 0.13189935064935066
0 0.524390243902439 0.7952516233766235 0.06463414634146342 0.1627435064935065
0 0.4315548780487805 0.9011769480519481 0.08201219512195122 0.19683441558441558
2 0.3496951219512195 0.7954545454545455 0.08048780487804878 0.125
2 0.3929878048780488 0.6935876623376623 0.04695121951219512 0.034090909090909095
2 0.17667682926829267 0.8581574675324676 0.1125 0.1619318181818182
2 0.09634146341463415 0.7059659090909092 0.05 0.03449675324675325
2 0.007317073170731707 0.7599431818181819 0.014634146341463414 0.03612012987012987
