0 0.08033536585365854 0.8169642857142858 0.07896341463414634 0.14691558441558442
0 0.21585365853658536 0.7319399350649352 0.08170731707317073 0.12297077922077923
2 0.038109756097560975 0.7142857142857143 0.07621951219512195 0.049512987012987016
0 0.12042682926829268 0.9458198051948052 0.10609756097560975 0.10105519480519481
2 0.2945121951219512 0.7023133116883117 0.09817073170731708 0.052353896103896104
2 0.3745426829268293 0.7027191558441559 0.06798780487804879 0.04748376623376624
2 0.8480182926829268 0.7234172077922079 0.07652439024390244 0.13108766233766234
0 0.9393292682926829 0.7130681818181819 0.06646341463414634 0.1168831168831169
0 0.9608231707317073 0.8555194805194806 0.07774390243902439 0.16720779220779222
0 0.9150914634146341 0.7980925324675325 0.11128048780487805 0.1416396103896104
