0 0.35259146341463415 0.13007305194805197 0.15091463414634146 0.18628246753246755
0 0.2847560975609756 0.7023133116883117 0.06341463414634146 0.061282467532467536
2 0.030792682926829268 0.7297077922077922 0.061585365853658536 0.11201298701298702
0 0.06951219512195123 0.8049918831168832 0.08109756097560976 0.16761363636363638
0 0.30503048780487807 0.8204139610389611 0.10579268292682927 0.17816558441558442
0 0.5272865853658537 0.7027191558441559 0.07408536585365853 0.08319805194805195
0 0.4867378048780488 0.8398944805194806 0.08445121951219513 0.17329545454545456
0 0.8375 0.7144886363636365 0.10060975609756098 0.12621753246753248
0 0.7318597560975609 0.8047889610389611 0.060060975609756095 0.15422077922077923
0 0.6871951219512195 0.7672483766233766 0.058536585365853655 0.14488636363636365
