2 0.9597560975609756 0.476461038961039 0.0798780487804878 0.0965909090909091
0 0.7958841463414634 0.9092938311688312 0.1350609756097561 0.16355519480519481
0 0.5554878048780488 0.8776379870129871 0.10792682926829268 0.1895292207792208
2 0.1301829268292683 0.721387987012987 0.07804878048780488 0.1684253246753247
2 0.06814024390243903 0.7936282467532468 0.13201219512195123 0.17167207792207792
2 0.24710365853658536 0.5269886363636364 0.06981707317073171 0.09780844155844157
2 0.3045731707317073 0.5586444805194806 0.09390243902439024 0.15056818181818182
2 0.43353658536585366 0.49898538961038963 0.0798780487804878 0.07102272727272728
2 0.5734756097560976 0.5004058441558442 0.08292682926829269 0.06980519480519481
0 0.5375 0.6235795454545455 0.08109756097560976 0.15381493506493507
0 0.6344512195121951 0.7006899350649352 0.12195121951219512 0.15787337662337664
0 0.6109756097560975 0.5716314935064936 0.10792682926829268 0.143262987012987
