0 0.1801829268292683 0.15219155844155846 0.1329268292682927 0.19155844155844157
0 0.2945121951219512 0.7678571428571429 0.1298780487804878 0.19886363636363638
0 0.31935975609756095 0.9155844155844156 0.13140243902439025 0.1241883116883117
2 0.48795731707317075 0.6964285714285715 0.061890243902439024 0.14366883116883117
2 0.40746951219512195 0.5288149350649352 0.08384146341463415 0.07711038961038962
0 0.49344512195121953 0.6053165584415585 0.06981707317073171 0.1416396103896104
0 0.5509146341463415 0.5075081168831169 0.09451219512195122 0.0799512987012987
0 0.6615853658536586 0.5068993506493507 0.13109756097560976 0.09740259740259741
2 0.7428353658536585 0.5422077922077922 0.06310975609756098 0.11363636363636365
2 0.7771341463414634 0.5144074675324676 0.04207317073170732 0.07426948051948053
0 0.8164634146341463 0.6477272727272728 0.11951219512195121 0.12662337662337664
2 0.6998475609756097 0.6461038961038962 0.1076219512195122 0.10957792207792208
