0 0.21951219512195122 0.7039366883116883 0.1024390243902439 0.0864448051948052
0 0.13689024390243903 0.7938311688311689 0.07317073170731707 0.14610389610389612
0 0.07682926829268293 0.8161525974025975 0.06524390243902439 0.14853896103896105
2 0.09451219512195122 0.7140827922077922 0.08658536585365853 0.05560064935064935
1 0.27271341463414633 0.7911931818181819 0.12408536585365854 0.1286525974025974
1 0.3128048780487805 0.6369724025974026 0.1048780487804878 0.1400162337662338
0 0.4560975609756098 0.6984577922077922 0.041463414634146344 0.04788961038961039
2 0.5992378048780488 0.684862012987013 0.10152439024390243 0.03530844155844156
0 0.7608231707317074 0.9034090909090909 0.13079268292682927 0.16396103896103897
0 0.9228658536585366 0.796875 0.11707317073170731 0.13920454545454547
2 0.9172256097560976 0.7023133116883117 0.07774390243902439 0.08969155844155845
2 0.6964939024390244 0.6808035714285715 0.08140243902439025 0.033685064935064936
