2 0.08673780487804877 0.01785714285714286 0.06920731707317074 0.03571428571428572
0 0.16722560975609757 0.752637987012987 0.09725609756097561 0.1270292207792208
0 0.05289634146341463 0.8786525974025975 0.10579268292682927 0.18100649350649353
0 0.12667682926829268 0.9411525974025975 0.10274390243902438 0.1168831168831169
2 0.5842987804878049 0.8725649350649352 0.11128048780487805 0.24675324675324678
2 0.676219512195122 0.9007711038961039 0.08048780487804878 0.1765422077922078
2 0.7285060975609756 0.7002840909090909 0.07835365853658537 0.07670454545454546
2 0.8028963414634146 0.6988636363636365 0.05945121951219512 0.05844155844155845
2 0.8486280487804878 0.6917613636363636 0.04542682926829268 0.060470779220779224
1 0.9079268292682927 0.7731331168831169 0.09390243902439024 0.14366883116883117
2 0.9506097560975609 0.7173295454545455 0.09573170731707317 0.11485389610389611
