0 0.05198170731707317 0.5529626623376623 0.10396341463414634 0.1489448051948052
0 0.22347560975609757 0.7088068181818182 0.11341463414634147 0.07751623376623377
2 0.11646341463414635 0.7520292207792209 0.08292682926829269 0.12256493506493507
2 0.0839939024390244 0.8112824675324676 0.06310975609756098 0.13474025974025974
2 0.3984756097560976 0.6962256493506493 0.10853658536585366 0.0450487012987013
0 0.5445121951219513 0.7035308441558442 0.11158536585365854 0.14407467532467533
2 0.699390243902439 0.7116477272727273 0.09024390243902439 0.0864448051948052
0 0.8141768292682927 0.75 0.12103658536585366 0.08685064935064936
0 0.8123475609756098 0.6905438311688312 0.07713414634146341 0.060470779220779224
0 0.8882621951219513 0.7165178571428572 0.058231707317073174 0.11972402597402598
0 0.9535060975609756 0.726461038961039 0.0923780487804878 0.12743506493506496
2 0.9736280487804878 0.8116883116883118 0.05213414634146341 0.12743506493506496
