0 0.5298780487804878 0.7978896103896105 0.12195121951219512 0.1112012987012987
0 0.9257621951219512 0.7073863636363636 0.09908536585365854 0.09496753246753248
2 0.027591463414634147 0.5543831168831169 0.05518292682926829 0.12581168831168832
0 0.32423780487804876 0.7106331168831169 0.10152439024390243 0.0551948051948052
0 0.5207317073170732 0.7136769480519481 0.061585365853658536 0.0864448051948052
0 0.7115853658536585 0.760349025974026 0.11341463414634147 0.12378246753246754
0 0.760060975609756 0.7079951298701299 0.07256097560975609 0.08319805194805195
1 0.8713414634146341 0.7573051948051949 0.07195121951219512 0.13230519480519481
2 0.6739329268292683 0.6854707792207793 0.08689024390243902 0.03652597402597403
0 0.8275914634146342 0.8094561688311689 0.10152439024390243 0.13433441558441558
0 0.4617378048780488 0.6911525974025975 0.05396341463414634 0.04383116883116883
