2 0.6353658536585366 0.26420454545454547 0.16097560975609757 0.20292207792207795
0 0.9102134146341463 0.6842532467532468 0.06737804878048781 0.04707792207792208
0 0.7475609756097561 0.7784090909090909 0.11951219512195121 0.1534090909090909
0 0.7309451219512195 0.7274756493506493 0.08323170731707318 0.1278409090909091
2 0.6608231707317073 0.689935064935065 0.07103658536585365 0.05032467532467533
0 0.593140243902439 0.6941964285714286 0.06737804878048781 0.0515422077922078
0 0.511890243902439 0.7051542207792209 0.10792682926829268 0.07102272727272728
0 0.538109756097561 0.8378652597402598 0.08109756097560976 0.18384740259740262
2 0.28765243902439025 0.7098214285714286 0.09420731707317073 0.061688311688311695
0 0.2710365853658537 0.8114853896103896 0.09146341463414634 0.17086038961038963
