0 0.844969512195122 0.736810064935065 0.11798780487804877 0.12053571428571429
0 0.5649390243902439 0.7532467532467533 0.09146341463414634 0.12824675324675325
0 0.5039634146341463 0.6860795454545455 0.08841463414634146 0.037743506493506496
0 0.5634146341463414 0.6877029220779222 0.04878048780487805 0.04423701298701299
0 0.43521341463414637 0.8248782467532468 0.09664634146341464 0.18141233766233766
0 0.3228658536585366 0.7313311688311689 0.1152439024390244 0.10795454545454546
0 0.2844512195121951 0.30316558441558444 0.11402439024390244 0.17451298701298704
0 0.19862804878048781 0.37215909090909094 0.13384146341463415 0.16314935064935066
0 0.05685975609756098 0.22788149350649353 0.06798780487804879 0.16355519480519481
0 0.03948170731707317 0.4239042207792208 0.07896341463414634 0.17086038961038963
0 0.0736280487804878 0.3033685064935065 0.09603658536585366 0.15056818181818182
