2 0.04161585365853659 0.7051542207792209 0.08323170731707318 0.20657467532467533
2 0.14542682926829267 0.7433035714285715 0.07439024390243902 0.10998376623376624
2 0.6676829268292683 0.5148133116883117 0.08231707317073171 0.19034090909090912
2 0.9742378048780488 0.6696428571428572 0.05091463414634146 0.11850649350649352
2 0.7716463414634146 0.7096185064935066 0.09390243902439024 0.10917207792207793
2 0.9553353658536585 0.9571834415584416 0.0875 0.08482142857142858
1 0.7733231707317073 0.8818993506493507 0.0826219512195122 0.1728896103896104
0 0.5125 0.7063717532467533 0.06219512195121951 0.08482142857142858
2 0.30853658536585366 0.6972402597402598 0.06890243902439025 0.03571428571428572
0 0.42591463414634145 0.747362012987013 0.06341463414634146 0.14488636363636365
2 0.4606707317073171 0.7337662337662338 0.04085365853658537 0.1168831168831169
0 0.42073170731707316 0.9200487012987013 0.10121951219512196 0.1590909090909091
0 0.4038109756097561 0.8654626623376624 0.06615853658536586 0.15625
0 0.34557926829268293 0.8900162337662338 0.04725609756097561 0.1590909090909091
2 0.30564024390243905 0.9308035714285715 0.053353658536585365 0.13595779220779222
