0 0.9765243902439025 0.6836444805194806 0.04451219512195122 0.061282467532467536
2 0.6826219512195122 0.7177353896103896 0.06951219512195123 0.1278409090909091
0 0.1954268292682927 0.46022727272727276 0.13048780487804879 0.16883116883116883
2 0.020579268292682928 0.7445211038961039 0.041158536585365856 0.06696428571428571
2 0.16310975609756098 0.7339691558441559 0.07256097560975609 0.11810064935064936
2 0.348780487804878 0.718547077922078 0.07134146341463414 0.10430194805194806
2 0.42057926829268294 0.7199675324675325 0.05091463414634146 0.10470779220779221
2 0.47835365853658535 0.7280844155844156 0.07865853658536585 0.12905844155844157
0 0.4013719512195122 0.8480113636363636 0.08201219512195122 0.16436688311688313
0 0.3010670731707317 0.9448051948051949 0.09298780487804878 0.10957792207792208
