2 0.9060975609756098 0.8273133116883118 0.07560975609756097 0.15868506493506496
0 0.7841463414634147 0.8737824675324676 0.1225609756097561 0.17857142857142858
0 0.824390243902439 0.7349837662337663 0.11280487804878049 0.1314935064935065
0 0.6911585365853659 0.7491883116883118 0.11585365853658537 0.09496753246753248
2 0.4954268292682927 0.791599025974026 0.10853658536585366 0.12621753246753248
0 0.39115853658536587 0.8189935064935066 0.09451219512195122 0.14691558441558442
0 0.3856707317073171 0.7378246753246753 0.13109756097560976 0.1582792207792208
2 0.35853658536585364 0.7183441558441559 0.04207317073170732 0.08279220779220779
2 0.061585365853658536 0.7579139610389611 0.0701219512195122 0.12946428571428573
0 0.018292682926829267 0.7644074675324676 0.036585365853658534 0.14407467532467533
0 0.0350609756097561 0.9178165584415585 0.0701219512195122 0.12297077922077923
0 0.03902439024390244 0.8431412337662338 0.07804878048780488 0.12215909090909091
