0 0.9532012195121952 0.7502029220779222 0.0722560975609756 0.13189935064935066
2 0.9778963414634146 0.7124594155844156 0.04359756097560975 0.11566558441558443
2 0.8795731707317073 0.7041396103896105 0.07439024390243902 0.0900974025974026
0 0.7309451219512195 0.7554788961038962 0.1173780487804878 0.10998376623376624
2 0.6495426829268293 0.7475649350649352 0.04298780487804878 0.13311688311688313
0 0.6074695121951219 0.7491883116883118 0.07835365853658537 0.13961038961038963
1 0.25411585365853656 0.7426948051948052 0.04725609756097561 0.10876623376623377
1 0.18125 0.8313717532467533 0.07347560975609756 0.14407467532467533
0 0.17652439024390243 0.731737012987013 0.10609756097560975 0.06493506493506494
2 0.3638719512195122 0.7086038961038962 0.07530487804878049 0.0625
0 0.4652439024390244 0.716112012987013 0.051829268292682924 0.09050324675324677
2 0.5632621951219512 0.6998782467532468 0.053353658536585365 0.057224025974025976
