2 0.08917682926829268 0.7422889610389611 0.09115853658536585 0.1030844155844156
2 0.19375 0.7487824675324676 0.06432926829268293 0.12743506493506496
0 0.24771341463414634 0.7015016233766235 0.05030487804878049 0.03936688311688312
1 0.26432926829268294 0.781047077922078 0.10853658536585366 0.12297077922077923
0 0.39390243902439026 0.7637987012987013 0.11585365853658537 0.12581168831168832
0 0.38155487804878047 0.6891233766233766 0.04359756097560975 0.0275974025974026
0 0.4865853658536585 0.7240259740259741 0.0975609756097561 0.10633116883116883
0 0.5175304878048781 0.8348214285714286 0.11493902439024391 0.13961038961038963
0 0.582469512195122 0.765422077922078 0.09054878048780488 0.14123376623376624
0 0.7757621951219512 0.6860795454545455 0.06676829268292683 0.06290584415584416
0 0.9698170731707317 0.7266639610389611 0.05975609756097561 0.08725649350649352
