0 0.9211890243902439 0.7814529220779222 0.11615853658536586 0.12053571428571429
0 0.9670731707317073 0.7148944805194806 0.06524390243902439 0.11891233766233766
2 0.9792682926829268 0.7694805194805195 0.04085365853658537 0.07873376623376624
2 0.8981707317073171 0.6970373376623377 0.07073170731707316 0.07751623376623377
0 0.842530487804878 0.6970373376623377 0.04908536585365854 0.07589285714285715
0 0.775 0.7128652597402598 0.09329268292682927 0.09699675324675325
0 0.6685975609756097 0.7512175324675325 0.056707317073170734 0.13311688311688313
0 0.6125 0.737012987012987 0.09146341463414634 0.125
0 0.5882621951219512 0.6852678571428572 0.05213414634146341 0.04017857142857143
2 0.35335365853658535 0.7025162337662338 0.11463414634146342 0.038149350649350655
0 0.2521341463414634 0.7311282467532468 0.06829268292682927 0.07670454545454546
0 0.17484756097560974 0.7260551948051949 0.10274390243902438 0.06737012987012987
