2 0.027591463414634147 0.22321428571428573 0.05518292682926829 0.10876623376623377
2 0.06783536585365854 0.9368912337662338 0.1003048780487805 0.12540584415584416
2 0.11570121951219513 0.9756493506493508 0.056402439024390245 0.04788961038961039
2 0.10426829268292682 0.8246753246753248 0.08475609756097562 0.16152597402597405
2 0.12393292682926829 0.8047889610389611 0.056402439024390245 0.17045454545454547
2 0.1926829268292683 0.7518262987012988 0.06341463414634146 0.1335227272727273
2 0.20625 0.718547077922078 0.05945121951219512 0.08157467532467533
2 0.26189024390243903 0.7475649350649352 0.042682926829268296 0.15016233766233766
2 0.4657012195121951 0.6889204545454546 0.058231707317073174 0.04342532467532468
2 0.9763719512195121 0.7814529220779222 0.046646341463414634 0.15219155844155846
0 0.8464939024390243 0.8628246753246753 0.11067073170731707 0.15503246753246755
0 0.8060975609756098 0.7575081168831169 0.12682926829268293 0.13027597402597405
0 0.7045731707317073 0.7745535714285715 0.08780487804878048 0.11810064935064936
2 0.6664634146341464 0.721185064935065 0.06951219512195123 0.12256493506493507
0 0.4091463414634146 0.9446022727272728 0.09939024390243903 0.10998376623376624
0 0.4088414634146341 0.8583603896103896 0.10975609756097561 0.14123376623376624
0 0.4553353658536585 0.7579139610389611 0.11554878048780488 0.12459415584415585
0 0.4885670731707317 0.8482142857142858 0.10152439024390243 0.14042207792207792
