0 0.2277439024390244 0.726461038961039 0.13597560975609757 0.10551948051948053
2 0.09649390243902439 0.7627840909090909 0.11676829268292684 0.143262987012987
1 0.4190548780487805 0.7846996753246753 0.12591463414634146 0.1335227272727273
0 0.5463414634146342 0.731737012987013 0.07195121951219512 0.12581168831168832
0 0.5163109756097561 0.7883522727272728 0.08384146341463415 0.1213474025974026
0 0.5082317073170731 0.9090909090909092 0.11158536585365854 0.12662337662337664
0 0.598780487804878 0.9472402597402598 0.10914634146341463 0.10470779220779221
0 0.7367378048780487 0.7226055194805195 0.06676829268292683 0.12378246753246754
2 0.6533536585365853 0.6830357142857143 0.08902439024390243 0.040584415584415584
2 0.7942073170731707 0.7069805194805195 0.05304878048780488 0.08603896103896104
0 0.9298780487804879 0.7646103896103896 0.09207317073170732 0.12256493506493507
2 0.8675304878048781 0.7254464285714286 0.046646341463414634 0.1351461038961039
0 0.9464939024390244 0.6763392857142858 0.0850609756097561 0.04017857142857143
