2 0.03536585365853658 0.2688717532467533 0.07073170731707316 0.15625
2 0.3092987804878049 0.546672077922078 0.13932926829268294 0.2077922077922078
0 0.8146341463414634 0.6655844155844156 0.12012195121951219 0.1663961038961039
0 0.7324695121951219 0.851461038961039 0.07713414634146341 0.1866883116883117
2 0.8 0.8999594155844156 0.07378048780487804 0.17491883116883117
2 0.519359756097561 0.7400568181818182 0.08201219512195122 0.14082792207792208
0 0.27408536585365856 0.7148944805194806 0.08658536585365853 0.1140422077922078
2 0.2923780487804878 0.8041801948051949 0.08902439024390243 0.11323051948051949
0 0.16128048780487805 0.7520292207792209 0.10060975609756098 0.13392857142857142
2 0.022865853658536585 0.7520292207792209 0.04573170731707317 0.07467532467532469
