2 0.8295731707317073 0.7749594155844156 0.07439024390243902 0.1351461038961039
2 0.6330792682926829 0.7122564935064936 0.0625 0.09334415584415585
2 0.5207317073170732 0.6966314935064936 0.06646341463414634 0.05397727272727273
2 0.5769817073170732 0.7232142857142858 0.0576219512195122 0.12094155844155845
0 0.5233231707317073 0.8739853896103896 0.09969512195121952 0.17816558441558442
0 0.5080792682926829 0.7844967532467533 0.09054878048780488 0.1517857142857143
0 0.443140243902439 0.7956574675324676 0.0625 0.14082792207792208
0 0.33125 0.7514204545454546 0.09847560975609757 0.1270292207792208
2 0.4455792682926829 0.7230113636363636 0.05091463414634146 0.09456168831168832
2 0.21661585365853658 0.7416801948051949 0.060060975609756095 0.11323051948051949
2 0.09024390243902439 0.7268668831168832 0.07195121951219512 0.07061688311688312
0 0.05960365853658536 0.8715503246753248 0.11920731707317073 0.12946428571428573
0 0.08490853658536586 0.9482548701298702 0.07774390243902439 0.10267857142857144
