0 0.15670731707317073 0.7445211038961039 0.11097560975609756 0.10754870129870131
1 0.10640243902439024 0.8319805194805195 0.08475609756097562 0.13636363636363638
2 0.11935975609756097 0.7140827922077922 0.056402439024390245 0.052353896103896104
2 0.24283536585365853 0.7015016233766235 0.08445121951219513 0.03449675324675325
0 0.5089939024390244 0.6923701298701299 0.04359756097560975 0.04301948051948052
0 0.5632621951219512 0.6879058441558442 0.049695121951219515 0.040584415584415584
1 0.6435975609756097 0.7396509740259741 0.09817073170731708 0.09050324675324677
0 0.8477134146341463 0.7268668831168832 0.12103658536585366 0.1241883116883117
2 0.7714939024390244 0.6870941558441559 0.06554878048780488 0.04788961038961039
0 0.8254573170731707 0.6828327922077922 0.04420731707317073 0.049918831168831175
2 0.9480182926829268 0.7169237012987013 0.07591463414634146 0.08887987012987014
2 0.9060975609756098 0.674310064935065 0.04390243902439024 0.03043831168831169
