0 0.1701219512195122 0.1444805194805195 0.12378048780487805 0.19237012987012989
0 0.9024390243902439 0.5874594155844156 0.1378048780487805 0.16761363636363638
0 0.717530487804878 0.7063717532467533 0.05945121951219512 0.0864448051948052
2 0.6153963414634146 0.6877029220779222 0.05701219512195122 0.03855519480519481
0 0.21158536585365853 0.7274756493506493 0.1329268292682927 0.16680194805194806
2 0.09786585365853659 0.8350243506493507 0.1298780487804878 0.1700487012987013
0 0.05015243902439025 0.7329545454545455 0.1003048780487805 0.08685064935064936
2 0.1163109756097561 0.7353896103896105 0.060060975609756095 0.08847402597402598
2 0.17164634146341465 0.7106331168831169 0.05304878048780488 0.0625
2 0.021341463414634148 0.8258928571428572 0.042682926829268296 0.14853896103896105
