0 0.12560975609756098 0.1434659090909091 0.12682926829268293 0.13839285714285715
0 0.03307926829268293 0.19805194805194806 0.06615853658536586 0.2288961038961039
2 0.14908536585365853 0.04383116883116883 0.075 0.08766233766233766
0 0.22713414634146342 0.5075081168831169 0.09207317073170732 0.1757305194805195
0 0.9036585365853659 0.9040178571428572 0.11463414634146342 0.1489448051948052
0 0.7867378048780488 0.7560876623376623 0.11554878048780488 0.14935064935064937
2 0.6099085365853658 0.684862012987013 0.05030487804878049 0.05478896103896104
0 0.8798780487804878 0.9730113636363636 0.10365853658536585 0.053165584415584416
0 0.7498475609756098 0.8658685064935066 0.07835365853658537 0.16355519480519481
0 0.7841463414634147 0.955560064935065 0.08841463414634146 0.08806818181818182
2 0.6896341463414634 0.8806818181818182 0.06707317073170732 0.14772727272727273
2 0.6483231707317073 0.8068181818181819 0.0801829268292683 0.16720779220779222
2 0.6004573170731707 0.8145292207792209 0.05274390243902439 0.14691558441558442
0 0.5458841463414634 0.7451298701298702 0.06371951219512195 0.14691558441558442
0 0.5661585365853659 0.9056412337662338 0.06829268292682927 0.1765422077922078
2 0.5295731707317073 0.7546672077922079 0.02378048780487805 0.13433441558441558
0 0.45640243902439026 0.7325487012987013 0.09085365853658536 0.125
0 0.44740853658536583 0.8504464285714286 0.08932926829268292 0.16355519480519481
0 0.29222560975609757 0.8051948051948052 0.12042682926829268 0.14772727272727273
2 0.21753048780487805 0.8547077922077922 0.0923780487804878 0.10795454545454546
2 0.10381097560975609 0.8129058441558442 0.10274390243902438 0.16152597402597405
2 0.2094512195121951 0.7086038961038962 0.08292682926829269 0.0689935064935065
0 0.2847560975609756 0.9200487012987013 0.11219512195121951 0.1590909090909091
0 0.21798780487804878 0.9379058441558442 0.08536585365853659 0.12337662337662339
0 0.3592987804878049 0.6112012987012987 0.1326219512195122 0.1517857142857143
2 0.03460365853658537 0.8189935064935066 0.06920731707317074 0.1241883116883117
2 0.03307926829268293 0.9088879870129871 0.06615853658536586 0.1497564935064935
