0 0.255030487804878 0.045860389610389615 0.10396341463414634 0.09172077922077923
0 0.12179878048780488 0.7136769480519481 0.061890243902439024 0.049918831168831175
0 0.035823170731707314 0.791599025974026 0.07164634146341463 0.1489448051948052
0 0.09527439024390244 0.9025974025974026 0.09176829268292683 0.1534090909090909
0 0.037347560975609755 0.9111201298701299 0.07469512195121951 0.17370129870129872
0 0.22591463414634147 0.9247159090909092 0.13719512195121952 0.11810064935064936
0 0.5643292682926829 0.6998782467532468 0.08109756097560976 0.06696428571428571
0 0.7509146341463414 0.700487012987013 0.11036585365853659 0.07305194805194806
0 0.7126524390243902 0.7751623376623377 0.0801829268292683 0.13311688311688313
0 0.666920731707317 0.8204139610389611 0.06371951219512195 0.1684253246753247
0 0.6028963414634146 0.8636363636363636 0.07164634146341463 0.16720779220779222
0 0.6576219512195122 0.9314123376623378 0.10121951219512196 0.11444805194805195
2 0.9519817073170732 0.6765422077922079 0.0576219512195122 0.03896103896103896
0 0.17942073170731707 0.8051948051948052 0.12347560975609756 0.16964285714285715
