2 0.20853658536585365 0.7226055194805195 0.07621951219512195 0.07021103896103896
2 0.9503048780487805 0.7270698051948052 0.09878048780487805 0.11891233766233766
0 0.8403963414634147 0.6956168831168832 0.10396341463414634 0.07142857142857144
1 0.7628048780487805 0.768060064935065 0.09024390243902439 0.13758116883116883
0 0.5839939024390244 0.7274756493506493 0.10884146341463415 0.11566558441558443
0 0.6565548780487804 0.7353896103896105 0.07774390243902439 0.12175324675324677
0 0.49146341463414633 0.7088068181818182 0.09268292682926829 0.0799512987012987
0 0.3041158536585366 0.8496347402597403 0.06920731707317074 0.143262987012987
0 0.3827743902439024 0.7508116883116883 0.09298780487804878 0.10064935064935066
1 0.2893292682926829 0.7441152597402598 0.0951219512195122 0.11566558441558443
