0 0.14405487804878048 0.7796266233766235 0.11920731707317073 0.15016233766233766
0 0.04375 0.7556818181818182 0.0875 0.10551948051948053
0 0.023323170731707317 0.8666801948051949 0.046646341463414634 0.13920454545454547
2 0.03429878048780488 0.9695616883116884 0.06798780487804879 0.06006493506493507
0 0.23109756097560977 0.8739853896103896 0.09573170731707317 0.18628246753246755
2 0.38140243902439025 0.7110389610389611 0.07560975609756097 0.06655844155844157
2 0.7527439024390243 0.7051542207792209 0.07195121951219512 0.0864448051948052
0 0.8640243902439024 0.7374188311688312 0.13170731707317074 0.14285714285714288
0 0.9669207317073171 0.6921672077922079 0.06554878048780488 0.0799512987012987
0 0.918140243902439 0.9090909090909092 0.13140243902439025 0.1801948051948052
0 0.8227134146341464 0.924310064935065 0.07774390243902439 0.15056818181818182
