0 0.7923780487804878 0.7938311688311689 0.0951219512195122 0.1590909090909091
2 0.5266768292682927 0.7219967532467533 0.06554878048780488 0.0965909090909091
2 0.6164634146341463 0.7376217532467533 0.1329268292682927 0.20495129870129872
2 0.2731707317073171 0.9161931818181819 0.08048780487804878 0.16680194805194806
0 0.2135670731707317 0.6651785714285715 0.11615853658536586 0.14123376623376624
2 0.33125 0.7000811688311689 0.05274390243902439 0.038149350649350655
2 0.3932926829268293 0.6917613636363636 0.036585365853658534 0.03612012987012987
2 0.23628048780487804 0.7355925324675325 0.0676829268292683 0.09456168831168832
0 0.12057926829268292 0.7088068181818182 0.08628048780487804 0.1700487012987013
0 0.06844512195121952 0.7859172077922079 0.11920731707317073 0.15056818181818182
0 0.037042682926829266 0.8851461038961039 0.07408536585365853 0.14691558441558442
