2 0.8893292682926829 0.4904626623376624 0.11707317073170731 0.15787337662337664
2 0.7885670731707317 0.7250405844155845 0.07347560975609756 0.1278409090909091
2 0.7153963414634147 0.7094155844155845 0.08079268292682927 0.09253246753246754
0 0.12408536585365854 0.8400974025974026 0.09817073170731708 0.16233766233766234
0 0.2580792682926829 0.7132711038961039 0.09481707317073171 0.06452922077922078
0 0.563719512195122 0.739448051948052 0.06829268292682927 0.18262987012987014
2 0.5259146341463414 0.7355925324675325 0.05914634146341463 0.1286525974025974
2 0.4929878048780488 0.6931818181818182 0.06097560975609756 0.04301948051948052
2 0.6283536585365853 0.6862824675324676 0.03780487804878049 0.03733766233766234
0 0.55625 0.9111201298701299 0.1125 0.15422077922077923
