0 0.9073170731707317 0.7339691558441559 0.09451219512195122 0.13758116883116883
2 0.8745426829268292 0.6917613636363636 0.06554878048780488 0.07345779220779221
2 0.6442073170731707 0.6154626623376623 0.10426829268292682 0.1400162337662338
2 0.573170731707317 0.6909496753246753 0.06646341463414634 0.05073051948051949
0 0.48079268292682925 0.8005275974025975 0.06463414634146342 0.16517857142857145
0 0.438109756097561 0.8457792207792209 0.1152439024390244 0.1387987012987013
2 0.3975609756097561 0.708400974025974 0.07804878048780488 0.06858766233766234
2 0.0475609756097561 0.8147321428571429 0.0951219512195122 0.1546266233766234
0 0.17210365853658535 0.7566964285714286 0.09908536585365854 0.09375
2 0.09115853658536585 0.8687094155844156 0.09878048780487805 0.15056818181818182
0 0.11082317073170732 0.7518262987012988 0.09786585365853659 0.13595779220779222
0 0.23170731707317074 0.5042613636363636 0.12317073170731707 0.17248376623376624
