2 0.9844512195121952 0.7345779220779222 0.03048780487804878 0.1103896103896104
0 0.9346036585365853 0.7502029220779222 0.06981707317073171 0.13271103896103897
0 0.8525914634146341 0.7581168831168832 0.09969512195121952 0.10633116883116883
0 0.831859756097561 0.6816152597402598 0.10457317073170731 0.04829545454545455
2 0.8280487804878048 0.7175324675324676 0.05 0.030844155844155847
0 0.7274390243902439 0.7564935064935066 0.07560975609756097 0.13555194805194806
2 0.6541158536585366 0.7311282467532468 0.04359756097560975 0.1140422077922078
2 0.5272865853658537 0.8378652597402598 0.056402439024390245 0.11241883116883118
0 0.6132621951219512 0.744724025974026 0.0801829268292683 0.1444805194805195
0 0.5515243902439024 0.7972808441558442 0.06646341463414634 0.15381493506493507
0 0.5515243902439024 0.6948051948051949 0.04024390243902439 0.04626623376623377
2 0.5013719512195122 0.7106331168831169 0.05701219512195122 0.07792207792207792
1 0.07942073170731707 0.7471590909090909 0.1076219512195122 0.10876623376623377
1 0.18246951219512195 0.7928165584415585 0.07896341463414634 0.1489448051948052
0 0.20625 0.7169237012987013 0.09298780487804878 0.0588474025974026
