0 0.12439024390243902 0.8733766233766235 0.08841463414634146 0.16883116883116883
0 0.3222560975609756 0.7203733766233766 0.09451219512195122 0.08116883116883117
0 0.22027439024390244 0.7090097402597403 0.10640243902439024 0.05194805194805195
0 0.42850609756097563 0.7548701298701299 0.11310975609756098 0.11444805194805195
0 0.4769817073170732 0.6895292207792209 0.05396341463414634 0.03896103896103896
2 0.055640243902439025 0.7136769480519481 0.06859756097560976 0.036931818181818184
1 0.7230182926829268 0.8867694805194806 0.09908536585365854 0.17613636363636365
0 0.5440548780487805 0.760349025974026 0.11554878048780488 0.14650974025974026
0 0.5996951219512195 0.7441152597402598 0.08292682926829269 0.11079545454545456
2 0.538109756097561 0.6838474025974026 0.043292682926829265 0.0275974025974026
0 0.7326219512195122 0.7477678571428572 0.08170731707317073 0.09618506493506494
0 0.6641768292682927 0.7295048701298702 0.06798780487804879 0.11323051948051949
2 0.5897865853658537 0.6842532467532468 0.061890243902439024 0.029220779220779224
2 0.7490853658536586 0.6806006493506493 0.06829268292682927 0.03246753246753247
0 0.8170731707317073 0.7522321428571429 0.08902439024390243 0.11810064935064936
2 0.8903963414634146 0.6883116883116883 0.04725609756097561 0.061688311688311695
2 0.8513719512195121 0.7059659090909092 0.08384146341463415 0.08157467532467533
2 0.9742378048780488 0.7049512987012988 0.05091463414634146 0.09821428571428573
