2 0.0125 0.7400568181818182 0.025 0.09618506493506494
0 0.01676829268292683 0.9099025974025975 0.03353658536585366 0.07224025974025974
0 0.12865853658536586 0.7426948051948052 0.09207317073170732 0.10551948051948053
0 0.23170731707317074 0.7045454545454546 0.1 0.13717532467532467
2 0.19969512195121952 0.7832792207792209 0.075 0.12987012987012989
0 0.3022865853658537 0.6678165584415585 0.1003048780487805 0.13920454545454547
0 0.48353658536585364 0.700487012987013 0.06097560975609756 0.06574675324675325
2 0.9842987804878048 0.6755275974025975 0.030792682926829268 0.04017857142857143
0 0.7379573170731707 0.7546672077922079 0.09298780487804878 0.13027597402597405
2 0.7536585365853659 0.7128652597402598 0.05914634146341463 0.10105519480519481
