2 0.11158536585365854 0.38189935064935066 0.22317073170731708 0.2840909090909091
0 0.8044207317073171 0.7928165584415585 0.11067073170731707 0.1489448051948052
2 0.8292682926829268 0.6984577922077922 0.07804878048780488 0.08279220779220779
2 0.6611280487804878 0.7015016233766235 0.06371951219512195 0.0726461038961039
2 0.5862804878048781 0.6933847402597403 0.06646341463414634 0.04748376623376624
2 0.44085365853658537 0.6974431818181819 0.07682926829268293 0.045860389610389615
0 0.5327743902439024 0.7288961038961039 0.07713414634146341 0.12094155844155845
0 0.4513719512195122 0.8200081168831169 0.10457317073170731 0.14245129870129872
0 0.19603658536585367 0.7615665584415585 0.10609756097560975 0.13758116883116883
2 0.15503048780487805 0.7169237012987013 0.05396341463414634 0.05397727272727273
