0 0.7152439024390244 0.4857954545454546 0.09146341463414634 0.16152597402597405
0 0.7564024390243902 0.6314935064935066 0.12195121951219512 0.16314935064935066
0 0.6321646341463415 0.6814123376623377 0.1003048780487805 0.04707792207792208
2 0.5449695121951219 0.6988636363636365 0.06798780487804879 0.08360389610389611
2 0.4277439024390244 0.708198051948052 0.08475609756097562 0.09172077922077923
0 0.5774390243902439 0.8518668831168832 0.09329268292682927 0.1866883116883117
0 0.46204268292682926 0.9308035714285715 0.09298780487804878 0.13758116883116883
0 0.3515243902439024 0.8246753246753248 0.0975609756097561 0.18181818181818182
0 0.23810975609756097 0.7725243506493507 0.11097560975609756 0.15625
2 0.21554878048780488 0.6858766233766235 0.07926829268292683 0.04220779220779221
0 0.04527439024390244 0.7236201298701299 0.08140243902439025 0.08603896103896104
