0 0.12667682926829268 0.06310876623376624 0.1198170731707317 0.12621753246753248
0 0.06570121951219512 0.593547077922078 0.11189024390243903 0.12459415584415585
0 0.42515243902439026 0.768060064935065 0.0875 0.1286525974025974
0 0.07591463414634146 0.7686688311688312 0.10121951219512196 0.07711038961038962
0 0.17515243902439023 0.7613636363636365 0.0826219512195122 0.11525974025974027
0 0.14420731707317072 0.8642451298701299 0.11707317073170731 0.12053571428571429
2 0.22850609756097562 0.9790990259740261 0.05518292682926829 0.040990259740259744
0 0.255640243902439 0.7175324675324676 0.08567073170731708 0.13961038961038963
0 0.33963414634146344 0.7148944805194806 0.08597560975609755 0.08157467532467533
0 0.3984756097560976 0.7167207792207793 0.045121951219512194 0.08035714285714286
2 0.5623475609756098 0.734375 0.07957317073170732 0.13271103896103897
0 0.6782012195121951 0.6879058441558442 0.04908536585365854 0.04707792207792208
0 0.8341463414634146 0.7471590909090909 0.11097560975609756 0.12094155844155845
0 0.8413109756097561 0.6887175324675325 0.08689024390243902 0.07548701298701299
2 0.9021341463414634 0.7114448051948052 0.05304878048780488 0.1038961038961039
