0 0.36097560975609755 0.07203733766233766 0.13109756097560976 0.14407467532467533
0 0.44923780487804876 0.25223214285714285 0.14542682926829267 0.14569805194805197
0 0.3788109756097561 0.38474025974025977 0.08932926829268292 0.19237012987012989
2 0.8013719512195122 0.49411525974025977 0.12286585365853658 0.19277597402597405
0 0.9644817073170732 0.46408279220779225 0.07042682926829268 0.1400162337662338
2 0.98125 0.3425324675324676 0.03689024390243902 0.09334415584415585
0 0.9625 0.7303165584415585 0.07439024390243902 0.15706168831168832
2 0.823780487804878 0.7242288961038962 0.08658536585365853 0.1351461038961039
2 0.7567073170731707 0.9101055194805195 0.06280487804878049 0.0791396103896104
2 0.6471036585365854 0.9214691558441559 0.10152439024390243 0.052353896103896104
0 0.6644817073170731 0.8417207792207793 0.1076219512195122 0.1534090909090909
0 0.7629573170731707 0.7729301948051949 0.08079268292682927 0.1270292207792208
0 0.7329268292682927 0.7406655844155845 0.06829268292682927 0.1444805194805195
2 0.5160060975609756 0.7006899350649352 0.06310975609756098 0.07426948051948053
2 0.44176829268292683 0.6943993506493507 0.07195121951219512 0.05600649350649351
2 0.3571646341463415 0.7169237012987013 0.061890243902439024 0.09618506493506494
2 0.2966463414634146 0.7309253246753247 0.06646341463414634 0.11444805194805195
0 0.40457317073170734 0.8013392857142858 0.0774390243902439 0.14569805194805197
0 0.4399390243902439 0.8498376623376624 0.08353658536585366 0.16314935064935066
2 0.49100609756097563 0.7765827922077922 0.08932926829268292 0.12946428571428573
2 0.14573170731707316 0.713474025974026 0.06646341463414634 0.061688311688311695
0 0.07042682926829268 0.8823051948051949 0.08109756097560976 0.12824675324675325
0 0.03246951219512195 0.8110795454545455 0.0649390243902439 0.14082792207792208
0 0.14573170731707316 0.8553165584415585 0.12621951219512195 0.16680194805194806
2 0.22560975609756098 0.8242694805194806 0.09329268292682927 0.13311688311688313
2 0.2913109756097561 0.8348214285714286 0.05213414634146341 0.13068181818181818
2 0.25198170731707314 0.9088879870129871 0.05579268292682927 0.061282467532467536
0 0.3153963414634146 0.9032061688311689 0.07530487804878049 0.10754870129870131
