0 0.9742378048780488 0.22138798701298704 0.05091463414634146 0.1554383116883117
0 0.7940548780487805 0.3577516233766234 0.12042682926829268 0.15056818181818182
0 0.8878048780487805 0.6862824675324676 0.10182926829268292 0.057629870129870135
2 0.7852134146341463 0.7250405844155845 0.07896341463414634 0.12053571428571429
2 0.6652439024390244 0.7242288961038962 0.048170731707317074 0.12378246753246754
2 0.6086890243902439 0.7392451298701299 0.06128048780487805 0.14569805194805197
0 0.5623475609756098 0.8021509740259741 0.12408536585365854 0.10754870129870131
2 0.5371951219512195 0.7079951298701299 0.08292682926829269 0.0726461038961039
0 0.32423780487804876 0.7749594155844156 0.10640243902439024 0.15056818181818182
2 0.21920731707317073 0.710836038961039 0.08536585365853659 0.053165584415584416
0 0.1469512195121951 0.861810064935065 0.08353658536585366 0.16680194805194806
0 0.07820121951219512 0.8403003246753248 0.08445121951219513 0.13839285714285715
0 0.033384146341463417 0.8857548701298702 0.06676829268292683 0.10998376623376624
2 0.038109756097560975 0.7820616883116883 0.07621951219512195 0.12905844155844157
