2 0.19085365853658537 0.11728896103896104 0.11341463414634147 0.12175324675324677
2 0.05945121951219512 0.017248376623376624 0.06341463414634146 0.03449675324675325
0 0.4445121951219512 0.5586444805194806 0.1378048780487805 0.15949675324675325
2 0.2638719512195122 0.5040584415584416 0.14847560975609755 0.26623376623376627
0 0.6457317073170732 0.8031655844155845 0.09268292682926829 0.1590909090909091
0 0.5577743902439024 0.7073863636363636 0.0625 0.08766233766233766
2 0.40990853658536586 0.807224025974026 0.12042682926829268 0.18831168831168832
2 0.24253048780487804 0.7392451298701299 0.06859756097560976 0.0726461038961039
2 0.03536585365853658 0.7956574675324676 0.07073170731707316 0.143262987012987
0 0.10716463414634146 0.7664366883116883 0.1472560975609756 0.18790584415584416
0 0.20213414634146343 0.7045454545454546 0.1298780487804878 0.1387987012987013
