2 0.13856707317073172 0.09334415584415585 0.13993902439024392 0.1866883116883117
2 0.8594512195121952 0.8189935064935066 0.06219512195121951 0.16964285714285715
0 0.7939024390243903 0.7325487012987013 0.09695121951219512 0.14366883116883117
0 0.8666158536585366 0.9515016233766235 0.12591463414634146 0.09618506493506494
0 0.5689024390243902 0.7491883116883118 0.08902439024390243 0.11850649350649352
0 0.5446646341463415 0.8313717532467533 0.06310975609756098 0.1627435064935065
0 0.44466463414634144 0.7771915584415585 0.06676829268292683 0.1452922077922078
0 0.4410060975609756 0.7571022727272728 0.06615853658536586 0.12459415584415585
2 0.4861280487804878 0.9600243506493508 0.061890243902439024 0.0791396103896104
0 0.07195121951219512 0.8183847402597403 0.09024390243902439 0.13676948051948054
0 0.037042682926829266 0.7325487012987013 0.07408536585365853 0.07629870129870131
