0 0.9547256097560975 0.7219967532467533 0.0899390243902439 0.14691558441558442
0 0.7971036585365854 0.7662337662337663 0.12469512195121951 0.14366883116883117
0 0.6019817073170731 0.6355519480519481 0.08201219512195122 0.1444805194805195
2 0.54375 0.6911525974025975 0.08445121951219513 0.0689935064935065
2 0.7079268292682926 0.8447646103896105 0.08414634146341464 0.17167207792207792
2 0.3858231707317073 0.7157061688311689 0.060060975609756095 0.10998376623376624
0 0.2871951219512195 0.5965909090909092 0.11341463414634147 0.1590909090909091
0 0.22759146341463415 0.7713068181818182 0.10823170731707317 0.14569805194805197
0 0.09420731707317073 0.765625 0.09939024390243903 0.15625
2 0.013719512195121951 0.7426948051948052 0.027439024390243903 0.11201298701298702
2 0.1666158536585366 0.8512581168831169 0.07652439024390244 0.09699675324675325
