2 0.31448170731707314 0.1728896103896104 0.0899390243902439 0.12905844155844157
2 0.5692073170731707 0.7234172077922079 0.07560975609756097 0.11647727272727273
2 0.42301829268292684 0.7911931818181819 0.10213414634146341 0.1976461038961039
2 0.33978658536585366 0.8220373376623377 0.09359756097560976 0.18222402597402598
0 0.19878048780487806 0.6907467532467533 0.14512195121951219 0.12175324675324677
0 0.11448170731707318 0.8025568181818182 0.1125 0.13758116883116883
2 0.05213414634146341 0.7605519480519481 0.08109756097560976 0.12012987012987014
0 0.02545731707317073 0.8216314935064936 0.05091463414634146 0.1489448051948052
0 0.6772865853658536 0.737012987012987 0.12042682926829268 0.08928571428571429
0 0.680640243902439 0.674512987012987 0.10152439024390243 0.12256493506493507
2 0.7995426829268293 0.7435064935064936 0.07896341463414634 0.16964285714285715
