1 0.09588414634146342 0.8157467532467533 0.0923780487804878 0.15016233766233766
2 0.08003048780487805 0.7173295454545455 0.06432926829268293 0.05073051948051949
2 0.2371951219512195 0.7043425324675325 0.07926829268292683 0.04017857142857143
2 0.2946646341463415 0.9208603896103896 0.07957317073170732 0.15746753246753248
2 0.49862804878048783 0.6962256493506493 0.11676829268292684 0.06858766233766234
0 0.6602134146341463 0.7485795454545455 0.07774390243902439 0.15300324675324675
0 0.7368902439024391 0.702922077922078 0.06829268292682927 0.07467532467532469
0 0.5545731707317073 0.7978896103896105 0.09878048780487805 0.1534090909090909
0 0.848780487804878 0.7461444805194806 0.11890243902439024 0.11891233766233766
0 0.9403963414634147 0.6783685064935066 0.0649390243902439 0.04261363636363637
