0 0.08353658536585366 0.8151379870129871 0.0871951219512195 0.11160714285714286
0 0.06128048780487805 0.7215909090909092 0.06219512195121951 0.08441558441558442
2 0.014481707317073171 0.7514204545454546 0.028963414634146343 0.11323051948051949
2 0.15091463414634146 0.7587256493506495 0.07195121951219512 0.10754870129870131
0 0.21173780487804877 0.7558847402597403 0.08384146341463415 0.1400162337662338
0 0.27652439024390246 0.7495941558441559 0.11280487804878049 0.08603896103896104
2 0.35807926829268294 0.7219967532467533 0.06737804878048781 0.09090909090909091
0 0.4606707317073171 0.7006899350649352 0.048170731707317074 0.0515422077922078
0 0.5332317073170731 0.6948051948051949 0.08048780487804878 0.06087662337662338
1 0.6411585365853658 0.7282873376623377 0.1024390243902439 0.07832792207792208
2 0.8021341463414634 0.6812094155844156 0.06341463414634146 0.03530844155844156
0 0.9219512195121952 0.6436688311688312 0.11341463414634147 0.1517857142857143
0 0.8478658536585366 0.7349837662337663 0.11463414634146342 0.15097402597402598
2 0.969359756097561 0.7390422077922079 0.06067073170731707 0.08603896103896104
2 0.9228658536585366 0.7268668831168832 0.04573170731707317 0.08603896103896104
