0 0.13567073170731708 0.5036525974025975 0.1469512195121951 0.16964285714285715
0 0.06844512195121952 0.4005681818181818 0.12347560975609756 0.18425324675324675
0 0.9629573170731708 0.5769074675324676 0.07347560975609756 0.16030844155844157
0 0.08917682926829268 0.7234172077922079 0.09908536585365854 0.06452922077922078
0 0.9507621951219513 0.7041396103896105 0.09786585365853659 0.08441558441558442
0 0.8141768292682927 0.7177353896103896 0.07652439024390244 0.10917207792207793
0 0.1771341463414634 0.8187905844155845 0.11707317073170731 0.15706168831168832
0 0.34009146341463414 0.7842938311688312 0.11189024390243903 0.18628246753246755
2 0.4263719512195122 0.755073051948052 0.07896341463414634 0.11566558441558443
2 0.432469512195122 0.624797077922078 0.14420731707317072 0.17329545454545456
2 0.5628048780487804 0.7254464285714286 0.08963414634146341 0.11485389610389611
2 0.49603658536585366 0.7159090909090909 0.05548780487804878 0.08360389610389611
2 0.48841463414634145 0.7999188311688312 0.06585365853658537 0.14204545454545456
0 0.43932926829268293 0.9149756493506495 0.08475609756097562 0.1684253246753247
0 0.6335365853658537 0.7165178571428572 0.07073170731707316 0.10430194805194806
2 0.6964939024390244 0.689935064935065 0.041158536585365856 0.05113636363636364
