0 0.20548780487804877 0.7802353896103896 0.10914634146341463 0.14245129870129872
2 0.17865853658536585 0.739448051948052 0.04939024390243903 0.10146103896103897
2 0.4329268292682927 0.7713068181818182 0.0475609756097561 0.15381493506493507
2 0.4996951219512195 0.6838474025974026 0.10670731707317073 0.09902597402597403
0 0.2733231707317073 0.8752029220779222 0.09054878048780488 0.16436688311688313
0 0.39954268292682926 0.9245129870129871 0.12286585365853658 0.13311688311688313
0 0.6742378048780487 0.7861201298701299 0.10274390243902438 0.1241883116883117
0 0.7423780487804879 0.6891233766233766 0.10304878048780487 0.1387987012987013
2 0.6364329268292683 0.7130681818181819 0.0801829268292683 0.14123376623376624
0 0.6626524390243902 0.5852272727272728 0.11798780487804877 0.17370129870129872
