0 0.02103658536585366 0.8155438311688312 0.04207317073170732 0.15625
2 0.21234756097560975 0.7325487012987013 0.06615853658536586 0.1030844155844156
2 0.286890243902439 0.7276785714285715 0.06646341463414634 0.09740259740259741
2 0.40716463414634146 0.7025162337662338 0.06554878048780488 0.049512987012987016
0 0.4996951219512195 0.7676542207792209 0.09695121951219512 0.1351461038961039
0 0.5376524390243902 0.8161525974025975 0.1100609756097561 0.15097402597402598
2 0.4867378048780488 0.6937905844155845 0.07835365853658537 0.052353896103896104
2 0.5606707317073171 0.6919642857142858 0.06829268292682927 0.05194805194805195
0 0.63125 0.6877029220779222 0.056402439024390245 0.04261363636363637
2 0.7797256097560976 0.6864853896103896 0.08689024390243902 0.04910714285714286
0 0.8274390243902439 0.7325487012987013 0.1274390243902439 0.125
