2 0.44923780487804876 0.5123782467532468 0.10640243902439024 0.12297077922077923
2 0.020121951219512196 0.3881899350649351 0.04024390243902439 0.08157467532467533
2 0.028658536585365855 0.7337662337662338 0.043292682926829265 0.07792207792207792
0 0.10259146341463414 0.7840909090909092 0.0923780487804878 0.13230519480519481
2 0.33445121951219514 0.6972402597402598 0.11402439024390244 0.04220779220779221
0 0.380640243902439 0.8086444805194806 0.08323170731707318 0.17735389610389612
0 0.5422256097560976 0.7215909090909092 0.10457317073170731 0.10876623376623377
2 0.7609756097560976 0.6887175324675325 0.06585365853658537 0.0689935064935065
2 0.900609756097561 0.7246347402597403 0.08780487804878048 0.10917207792207793
2 0.956859756097561 0.6846590909090909 0.038109756097560975 0.05925324675324676
