0 0.21173780487804877 0.7071834415584416 0.10152439024390243 0.07589285714285715
0 0.06615853658536586 0.7725243506493507 0.0774390243902439 0.13676948051948054
2 0.014481707317073171 0.7372159090909092 0.028963414634146343 0.0799512987012987
2 0.20365853658536584 0.8494318181818182 0.09817073170731708 0.17857142857142858
0 0.27240853658536585 0.8116883116883118 0.11189024390243903 0.16233766233766234
0 0.4663109756097561 0.7155032467532468 0.09054878048780488 0.08441558441558442
2 0.531859756097561 0.7337662337662338 0.05030487804878049 0.12662337662337664
0 0.6048780487804878 0.6994724025974026 0.09573170731707317 0.1140422077922078
1 0.6913109756097561 0.7613636363636365 0.10884146341463415 0.11444805194805195
2 0.7672256097560975 0.7008928571428572 0.060060975609756095 0.07711038961038962
2 0.8230182926829268 0.7088068181818182 0.05945121951219512 0.09780844155844157
0 0.8766768292682927 0.6854707792207793 0.05213414634146341 0.05681818181818182
2 0.9028963414634147 0.7347808441558442 0.07652439024390244 0.1278409090909091
0 0.967530487804878 0.7575081168831169 0.06432926829268293 0.10511363636363637
