2 0.04009146341463415 0.14793019480519481 0.0801829268292683 0.11891233766233766
2 0.745579268292683 0.7173295454545455 0.0875 0.13920454545454547
2 0.4576219512195122 0.689935064935065 0.05609756097560976 0.07224025974025974
2 0.6033536585365854 0.6791801948051949 0.07134146341463414 0.04423701298701299
2 0.3878048780487805 0.6856737012987013 0.05 0.0450487012987013
2 0.2603658536585366 0.7165178571428572 0.09329268292682927 0.10430194805194806
2 0.14664634146341463 0.7364042207792209 0.10426829268292682 0.12378246753246754
2 0.09588414634146342 0.7179383116883117 0.11067073170731707 0.1801948051948052
2 0.03719512195121951 0.7293019480519481 0.056707317073170734 0.10470779220779221
2 0.01600609756097561 0.8277191558441559 0.03201219512195122 0.06452922077922078
