0 0.9490853658536585 0.6980519480519481 0.0975609756097561 0.2012987012987013
0 0.8682926829268293 0.6572646103896105 0.08414634146341464 0.15787337662337664
2 0.7013719512195122 0.671672077922078 0.0826219512195122 0.18912337662337664
0 0.6182926829268293 0.6980519480519481 0.06646341463414634 0.061688311688311695
2 0.5472560975609756 0.7073863636363636 0.06097560975609756 0.08279220779220779
2 0.463109756097561 0.7353896103896105 0.07560975609756097 0.1241883116883117
2 0.4655487804878049 0.9456168831168832 0.11097560975609756 0.10795454545454546
0 0.3728658536585366 0.8106737012987013 0.09939024390243903 0.16761363636363638
2 0.28536585365853656 0.7043425324675325 0.07560975609756097 0.049918831168831175
2 0.14908536585365853 0.7449269480519481 0.10426829268292682 0.10836038961038962
