1 0.6410060975609756 0.7512175324675325 0.11493902439024391 0.09740259740259741
1 0.10838414634146341 0.7895698051948052 0.11676829268292684 0.11160714285714286
1 0.2626524390243902 0.8145292207792209 0.11615853658536586 0.08603896103896104
0 0.41371951219512193 0.8638392857142858 0.06951219512195123 0.17897727272727273
2 0.2858231707317073 0.6442775974025975 0.09603658536585366 0.14245129870129872
2 0.08094512195121951 0.7495941558441559 0.07469512195121951 0.11444805194805195
0 0.17134146341463416 0.7142857142857143 0.0701219512195122 0.049512987012987016
0 0.3980182926829268 0.6889204545454546 0.03323170731707317 0.027191558441558444
0 0.33414634146341465 0.7433035714285715 0.07195121951219512 0.13027597402597405
2 0.24954268292682927 0.7400568181818182 0.07896341463414634 0.08887987012987014
0 0.4573170731707317 0.7219967532467533 0.10609756097560975 0.09172077922077923
0 0.5621951219512195 0.6868912337662338 0.05426829268292683 0.03936688311688312
2 0.7664634146341464 0.7248376623376623 0.08780487804878048 0.10876623376623377
0 0.8695121951219512 0.7418831168831169 0.10304878048780487 0.09496753246753248
2 0.9605182926829269 0.7331574675324676 0.07713414634146341 0.11566558441558443
