0 0.06707317073170732 0.9535308441558442 0.09329268292682927 0.09212662337662338
0 0.08643292682926829 0.8212256493506495 0.06981707317073171 0.15381493506493507
0 0.22987804878048781 0.7881493506493507 0.09146341463414634 0.09577922077922078
0 0.21920731707317073 0.7061688311688312 0.09146341463414634 0.06737012987012987
2 0.39740853658536585 0.7767857142857143 0.056402439024390245 0.1517857142857143
0 0.3882621951219512 0.7471590909090909 0.12042682926829268 0.07954545454545454
2 0.6838414634146341 0.6826298701298702 0.10975609756097561 0.04301948051948052
2 0.7835365853658537 0.6808035714285715 0.06707317073170732 0.04017857142857143
0 0.9003048780487805 0.7568993506493507 0.09390243902439024 0.15097402597402598
2 0.9734756097560976 0.7327516233766235 0.0524390243902439 0.08238636363636365
