0 0.04161585365853659 0.7284902597402598 0.0826219512195122 0.07548701298701299
0 0.16676829268292684 0.7504058441558442 0.05060975609756098 0.0625
0 0.2225609756097561 0.7175324675324676 0.1073170731707317 0.12175324675324677
0 0.311890243902439 0.7538555194805195 0.0701219512195122 0.14650974025974026
0 0.24298780487804877 0.7885551948051949 0.1073170731707317 0.10470779220779221
2 0.1826219512195122 0.8429383116883118 0.11036585365853659 0.12824675324675325
2 0.3594512195121951 0.6954139610389611 0.041463414634146344 0.03449675324675325
2 0.500609756097561 0.6895292207792209 0.09329268292682927 0.04788961038961039
0 0.5708841463414634 0.731737012987013 0.08323170731707318 0.12256493506493507
0 0.6682926829268293 0.6818181818181819 0.09390243902439024 0.09902597402597403
