0 0.6407012195121952 0.6970373376623377 0.10945121951219512 0.061282467532467536
0 0.18826219512195122 0.5799512987012987 0.07286585365853658 0.14204545454545456
0 0.23658536585365852 0.5062905844155845 0.1073170731707317 0.16517857142857145
2 0.28125 0.9214691558441559 0.061890243902439024 0.1489448051948052
2 0.08948170731707317 0.8340097402597403 0.05457317073170732 0.07629870129870131
2 0.0913109756097561 0.7676542207792209 0.13384146341463415 0.10917207792207793
2 0.05198170731707317 0.7098214285714286 0.07530487804878049 0.07142857142857144
0 0.22835365853658537 0.7077922077922079 0.12073170731707317 0.06737012987012987
0 0.38216463414634144 0.7633928571428572 0.09115853658536585 0.09740259740259741
0 0.3092987804878049 0.7715097402597403 0.06798780487804879 0.15746753246753248
2 0.406859756097561 0.6950081168831169 0.09664634146341464 0.03936688311688312
0 0.7928353658536585 0.765625 0.10945121951219512 0.09456168831168832
2 0.811280487804878 0.7199675324675325 0.057926829268292686 0.10795454545454546
0 0.8650914634146342 0.7209821428571429 0.046646341463414634 0.12540584415584416
0 0.9211890243902439 0.7193587662337663 0.05701219512195122 0.12378246753246754
