0 0.1798780487804878 0.5280032467532468 0.11341463414634147 0.07061688311688312
0 0.33948170731707317 0.7954545454545455 0.10396341463414634 0.1728896103896104
0 0.3163109756097561 0.8770292207792209 0.07530487804878049 0.15746753246753248
2 0.39496951219512194 0.518060064935065 0.0899390243902439 0.06534090909090909
0 0.894359756097561 0.9141639610389611 0.10579268292682927 0.17086038961038963
0 0.6704268292682927 0.9687500000000001 0.10792682926829268 0.061688311688311695
0 0.49801829268292686 0.7926136363636365 0.11798780487804877 0.17694805194805197
0 0.4967987804878049 0.6351461038961039 0.10884146341463415 0.12987012987012989
0 0.4475609756097561 0.5736607142857143 0.10304878048780487 0.1400162337662338
2 0.5696646341463415 0.5251623376623377 0.07591463414634146 0.10064935064935066
0 0.5922256097560976 0.5941558441558442 0.07957317073170732 0.1387987012987013
2 0.6467987804878049 0.6351461038961039 0.07530487804878049 0.15259740259740262
0 0.7092987804878049 0.6657873376623377 0.0850609756097561 0.1335227272727273
0 0.7650914634146342 0.5012175324675325 0.12103658536585366 0.09172077922077923
2 0.7092987804878049 0.5450487012987013 0.04847560975609756 0.10064935064935066
0 0.6304878048780488 0.7830762987012988 0.08597560975609755 0.16112012987012989
0 0.7105182926829269 0.7830762987012988 0.1003048780487805 0.12459415584415585
0 0.7948170731707317 0.7335633116883118 0.10914634146341463 0.18547077922077923
0 0.875 0.4975649350649351 0.05731707317073171 0.07305194805194806
2 0.8185975609756098 0.4969561688311689 0.03719512195121951 0.056412337662337664
2 0.6527439024390244 0.5054788961038962 0.06829268292682927 0.06452922077922078
2 0.9518292682926829 0.4967532467532468 0.075 0.04383116883116883
