0 0.24557926829268292 0.3607954545454546 0.12103658536585366 0.19237012987012989
0 0.6858231707317073 0.8017451298701299 0.07347560975609756 0.16761363636363638
2 0.7129573170731708 0.6935876623376623 0.07164634146341463 0.05032467532467533
2 0.6382621951219513 0.736810064935065 0.07957317073170732 0.14732142857142858
0 0.5341463414634147 0.7660308441558442 0.05304878048780488 0.1554383116883117
2 0.49359756097560975 0.7422889610389611 0.06524390243902439 0.13636363636363638
0 0.45259146341463413 0.7027191558441559 0.0625 0.061282467532467536
2 0.2836890243902439 0.9590097402597403 0.05274390243902439 0.08116883116883117
0 0.16570121951219513 0.7749594155844156 0.11554878048780488 0.15056818181818182
0 0.045579268292682926 0.7846996753246753 0.09115853658536585 0.13271103896103897
