0 0.09390243902439024 0.8155438311688312 0.08841463414634146 0.13595779220779222
0 0.24420731707317073 0.7451298701298702 0.08536585365853659 0.11931818181818182
1 0.33185975609756097 0.7798295454545455 0.10213414634146341 0.10754870129870131
0 0.3176829268292683 0.6996753246753247 0.08963414634146341 0.06818181818181819
1 0.38948170731707316 0.8585633116883118 0.1003048780487805 0.1619318181818182
0 0.4725609756097561 0.7047483766233766 0.11402439024390244 0.07426948051948053
0 0.575 0.7601461038961039 0.08841463414634146 0.13555194805194806
1 0.8373475609756098 0.752637987012987 0.11310975609756098 0.09943181818181819
2 0.786890243902439 0.6834415584415585 0.10304878048780487 0.045454545454545456
0 0.8838414634146341 0.7035308441558442 0.09390243902439024 0.08238636363636365
1 0.957469512195122 0.7049512987012988 0.0826219512195122 0.10714285714285715
