0 0.06280487804878049 0.19744318181818182 0.12560975609756098 0.1400162337662338
0 0.3092987804878049 0.4701704545454546 0.12957317073170732 0.1554383116883117
1 0.7570121951219512 0.9291801948051949 0.11829268292682926 0.1351461038961039
0 0.5870426829268293 0.9101055194805195 0.09725609756097561 0.17248376623376624
2 0.5149390243902439 0.8445616883116883 0.057926829268292686 0.09821428571428573
2 0.6103658536585366 0.7179383116883117 0.08597560975609755 0.10714285714285715
2 0.5172256097560975 0.7104301948051949 0.07103658536585365 0.09212662337662338
2 0.03170731707317073 0.8037743506493507 0.06341463414634146 0.14569805194805197
0 0.1589939024390244 0.7930194805194806 0.08323170731707318 0.1387987012987013
2 0.25396341463414634 0.705762987012987 0.06341463414634146 0.05925324675324676
2 0.3182926829268293 0.6787743506493507 0.08780487804878048 0.09943181818181819
2 0.3984756097560976 0.7410714285714286 0.09085365853658536 0.13230519480519481
0 0.2658536585365854 0.8220373376623377 0.09878048780487805 0.17735389610389612
2 0.2788109756097561 0.9397321428571429 0.06798780487804879 0.10592532467532469
0 0.3923780487804878 0.8707386363636365 0.09695121951219512 0.15137987012987014
0 0.4611280487804878 0.9508928571428572 0.09664634146341464 0.09740259740259741
