2 0.7591463414634146 0.6950081168831169 0.09634146341463415 0.0799512987012987
2 0.7416158536585366 0.8796672077922079 0.06554878048780488 0.1481331168831169
2 0.47621951219512193 0.7023133116883117 0.06646341463414634 0.04667207792207793
2 0.09664634146341464 0.9427759740259741 0.06890243902439025 0.11363636363636365
2 0.1527439024390244 0.7112418831168832 0.0676829268292683 0.04748376623376624
0 0.03567073170731707 0.7138798701298702 0.04939024390243903 0.041396103896103896
0 0.39146341463414636 0.7006899350649352 0.057926829268292686 0.05560064935064935
0 0.3910060975609756 0.838474025974026 0.1003048780487805 0.15665584415584416
0 0.4714939024390244 0.8532873376623377 0.10274390243902438 0.17086038961038963
0 0.3583841463414634 0.8701298701298702 0.0801829268292683 0.13068181818181818
