0 0.2108231707317073 0.4904626623376624 0.14847560975609755 0.17491883116883117
0 0.08810975609756097 0.752637987012987 0.11890243902439024 0.09375
0 0.5208841463414634 0.7881493506493507 0.10396341463414634 0.21022727272727273
2 0.9807926829268293 0.7153003246753247 0.03780487804878049 0.12459415584415585
2 0.17378048780487804 0.7268668831168832 0.05914634146341463 0.07711038961038962
2 0.2344512195121951 0.7388392857142858 0.06585365853658537 0.10592532467532469
2 0.3335365853658537 0.7583198051948052 0.08963414634146341 0.1554383116883117
2 0.4009146341463415 0.7171266233766235 0.04878048780487805 0.08116883116883117
2 0.6115853658536585 0.7861201298701299 0.13170731707317074 0.24107142857142858
2 0.5367378048780488 0.9462256493506495 0.09664634146341464 0.10430194805194806
