1 0.09161585365853658 0.8165584415584416 0.09969512195121952 0.14285714285714288
0 0.09695121951219512 0.6079545454545455 0.10182926829268292 0.137987012987013
0 0.02942073170731707 0.7146915584415585 0.05396341463414634 0.05438311688311689
0 0.1861280487804878 0.7215909090909092 0.07896341463414634 0.06412337662337662
0 0.4378048780487805 0.692775974025974 0.05365853658536585 0.03571428571428572
2 0.5245426829268293 0.6958198051948052 0.09420731707317073 0.05560064935064935
0 0.6286585365853659 0.7319399350649352 0.09146341463414634 0.09699675324675325
0 0.6730182926829268 0.7865259740259741 0.06981707317073171 0.15259740259740262
0 0.8628048780487805 0.7362012987012988 0.10060975609756098 0.12256493506493507
2 0.7245426829268292 0.6842532467532468 0.0625 0.03652597402597403
2 0.8022865853658536 0.6801948051948052 0.08140243902439025 0.03733766233766234
2 0.9599085365853659 0.7059659090909092 0.07957317073170732 0.09699675324675325
