0 0.021341463414634148 0.13291396103896105 0.042682926829268296 0.15949675324675325
2 0.6489329268292683 0.20292207792207795 0.13201219512195123 0.15503246753246755
0 0.6567073170731708 0.4141639610389611 0.12560975609756098 0.10592532467532469
2 0.07210365853658536 0.7155032467532468 0.07774390243902439 0.05275974025974026
0 0.22789634146341464 0.7485795454545455 0.08201219512195122 0.1278409090909091
0 0.07103658536585365 0.8812905844155845 0.08963414634146341 0.17329545454545456
0 0.2579268292682927 0.8469967532467533 0.13902439024390245 0.1858766233766234
0 0.47027439024390244 0.7765827922077922 0.13445121951219513 0.15625
2 0.6705792682926829 0.7648133116883118 0.12164634146341463 0.16599025974025974
2 0.7597560975609756 0.7790178571428572 0.08231707317073171 0.17410714285714288
2 0.9545731707317073 0.6992694805194806 0.07317073170731707 0.09090909090909091
