0 0.09420731707317073 0.8248782467532468 0.061585365853658536 0.13189935064935066
0 0.05457317073170732 0.7398538961038962 0.08658536585365853 0.0965909090909091
0 0.2451219512195122 0.6708603896103896 0.09268292682926829 0.14123376623376624
0 0.20807926829268292 0.7039366883116883 0.08871951219512195 0.0791396103896104
1 0.5175304878048781 0.7670454545454546 0.12469512195121951 0.11444805194805195
0 0.4614329268292683 0.7017045454545455 0.10457317073170731 0.06655844155844157
2 0.6033536585365854 0.7295048701298702 0.0798780487804878 0.12459415584415585
2 0.719359756097561 0.7175324675324676 0.05091463414634146 0.10633116883116883
2 0.6649390243902439 0.7142857142857143 0.06524390243902439 0.09577922077922078
0 0.8256097560975609 0.692775974025974 0.09573170731707317 0.0689935064935065
0 0.8266768292682927 0.7538555194805195 0.11493902439024391 0.08969155844155845
2 0.9771341463414634 0.7079951298701299 0.045121951219512194 0.0856331168831169
