0 0.2045731707317073 0.7116477272727273 0.08414634146341464 0.04748376623376624
0 0.11920731707317073 0.7414772727272728 0.10304878048780487 0.1038961038961039
2 0.030945121951219512 0.7958603896103896 0.061890243902439024 0.08928571428571429
2 0.24390243902439024 0.8689123376623378 0.08963414634146341 0.14366883116883117
2 0.3804878048780488 0.6931818181818182 0.06707317073170732 0.03490259740259741
2 0.4475609756097561 0.6966314935064936 0.05609756097560976 0.05478896103896104
0 0.4951219512195122 0.6968344155844156 0.07682926829268293 0.14042207792207792
2 0.5484756097560975 0.7045454545454546 0.05426829268292683 0.07305194805194806
0 0.8463414634146341 0.6929788961038962 0.08658536585365853 0.07102272727272728
0 0.8644817073170732 0.783685064935065 0.07835365853658537 0.137987012987013
2 0.9301829268292683 0.7155032467532468 0.06463414634146342 0.11201298701298702
