0 0.9527439024390244 0.6055194805194806 0.09390243902439024 0.16801948051948054
2 0.8416158536585366 0.7217938311688312 0.11128048780487805 0.12540584415584416
0 0.05548780487804878 0.7581168831168832 0.10060975609756098 0.12581168831168832
2 0.019664634146341464 0.734375 0.03932926829268293 0.0791396103896104
0 0.22515243902439025 0.7725243506493507 0.10152439024390243 0.14732142857142858
0 0.1486280487804878 0.6572646103896105 0.09176829268292683 0.13108766233766234
0 0.3888719512195122 0.7646103896103896 0.13140243902439025 0.11201298701298702
2 0.3948170731707317 0.695211038961039 0.07926829268292683 0.044642857142857144
0 0.5597560975609757 0.6877029220779222 0.06463414634146342 0.04667207792207793
0 0.45990853658536585 0.7895698051948052 0.08810975609756097 0.13027597402597405
0 0.5269817073170732 0.7816558441558442 0.07347560975609756 0.1582792207792208
