0 0.03643292682926829 0.08340097402597403 0.0722560975609756 0.16680194805194806
0 0.08414634146341464 0.29545454545454547 0.1378048780487805 0.17775974025974028
0 0.5426829268292683 0.5758928571428572 0.10853658536585366 0.1582792207792208
2 0.9612804878048781 0.9472402597402598 0.07621951219512195 0.10470779220779221
2 0.8463414634146341 0.7049512987012988 0.0676829268292683 0.08928571428571429
0 0.7647865853658536 0.7676542207792209 0.12652439024390244 0.10998376623376624
0 0.7153963414634147 0.9068587662337663 0.07347560975609756 0.17248376623376624
0 0.6096036585365854 0.7700892857142858 0.08628048780487804 0.14650974025974026
0 0.5039634146341463 0.7396509740259741 0.12926829268292683 0.12053571428571429
2 0.4583841463414634 0.7000811688311689 0.053353658536585365 0.053571428571428575
2 0.33170731707317075 0.8269074675324676 0.09634146341463415 0.20576298701298704
0 0.1714939024390244 0.8346185064935066 0.10091463414634147 0.1546266233766234
0 0.12865853658536586 0.796672077922078 0.07195121951219512 0.15746753246753248
2 0.1035060975609756 0.9391233766233766 0.02774390243902439 0.07792207792207792
