0 0.12591463414634146 0.7934253246753247 0.08048780487804878 0.13636363636363638
1 0.08521341463414635 0.8206168831168832 0.07896341463414634 0.1314935064935065
0 0.2611280487804878 0.6258116883116883 0.13689024390243903 0.1176948051948052
0 0.2410060975609756 0.7006899350649352 0.1100609756097561 0.041801948051948055
2 0.3955792682926829 0.7426948051948052 0.07347560975609756 0.13555194805194806
0 0.3576219512195122 0.6931818181818182 0.03902439024390244 0.026785714285714288
0 0.4823170731707317 0.7000811688311689 0.0975609756097561 0.05600649350649351
0 0.6150914634146342 0.765625 0.11371951219512196 0.11891233766233766
1 0.676219512195122 0.729099025974026 0.08048780487804878 0.13027597402597405
2 0.5053353658536586 0.4866071428571429 0.0801829268292683 0.13555194805194806
0 0.8439024390243902 0.7386363636363636 0.12012195121951219 0.12094155844155845
0 0.969969512195122 0.7228084415584416 0.05945121951219512 0.09172077922077923
