0 0.30579268292682926 0.7861201298701299 0.07073170731707316 0.15746753246753248
2 0.29771341463414636 0.7408685064935066 0.0576219512195122 0.12297077922077923
2 0.2035060975609756 0.7441152597402598 0.061890243902439024 0.11566558441558443
0 0.36371951219512194 0.7069805194805195 0.061585365853658536 0.13068181818181818
2 0.48551829268292684 0.7039366883116883 0.053353658536585365 0.06696428571428571
2 0.5576219512195122 0.7015016233766235 0.06219512195121951 0.06858766233766234
0 0.6166158536585366 0.7579139610389611 0.1125 0.10430194805194806
0 0.9103658536585366 0.6917613636363636 0.056707317073170734 0.10349025974025974
0 0.9565548780487805 0.6897321428571429 0.04359756097560975 0.08157467532467533
2 0.9876524390243903 0.723823051948052 0.024085365853658537 0.07345779220779221
0 0.9657012195121951 0.7978896103896105 0.06798780487804879 0.15016233766233766
