2 0.031859756097560976 0.6712662337662338 0.06371951219512195 0.13555194805194806
2 0.0663109756097561 0.7441152597402598 0.08201219512195122 0.09780844155844157
2 0.13094512195121952 0.716112012987013 0.04725609756097561 0.04748376623376624
2 0.4766768292682927 0.7205762987012988 0.07652439024390244 0.1002435064935065
0 0.5789634146341464 0.6856737012987013 0.06097560975609756 0.040990259740259744
2 0.6227134146341463 0.708198051948052 0.04908536585365854 0.08522727272727273
1 0.6641768292682927 0.7510146103896105 0.06554878048780488 0.1351461038961039
0 0.8182926829268292 0.7331574675324676 0.12926829268292683 0.09862012987012987
0 0.7682926829268293 0.6856737012987013 0.12134146341463414 0.045860389610389615
1 0.8960365853658536 0.7717126623376623 0.08597560975609755 0.12378246753246754
2 0.9728658536585366 0.7398538961038962 0.05365853658536585 0.04626623376623377
2 0.9600609756097561 0.6783685064935066 0.07926829268292683 0.045860389610389615
