2 0.1760670731707317 0.03510551948051948 0.07103658536585365 0.07021103896103896
0 0.045579268292682926 0.7252435064935066 0.09115853658536585 0.09496753246753248
2 0.17301829268292682 0.7195616883116883 0.0576219512195122 0.06574675324675325
2 0.29557926829268294 0.7270698051948052 0.06432926829268293 0.09537337662337662
2 0.4350609756097561 0.721185064935065 0.06463414634146342 0.1030844155844156
0 0.5736280487804878 0.8841314935064936 0.10091463414634147 0.17491883116883117
0 0.535670731707317 0.6915584415584416 0.12378048780487805 0.10714285714285715
0 0.6164634146341463 0.6568587662337663 0.06707317073170732 0.16599025974025974
0 0.698170731707317 0.624797077922078 0.11463414634146342 0.17248376623376624
0 0.7623475609756097 0.8204139610389611 0.09298780487804878 0.15300324675324675
0 0.948780487804878 0.6799918831168832 0.0524390243902439 0.045860389610389615
2 0.9862804878048781 0.7217938311688312 0.026829268292682926 0.0864448051948052
