0 0.22789634146341464 0.7037337662337663 0.1173780487804878 0.07548701298701299
0 0.08582317073170732 0.8135146103896105 0.07103658536585365 0.15706168831168832
0 0.03323170731707317 0.8459821428571429 0.06646341463414634 0.18628246753246755
0 0.3222560975609756 0.7855113636363636 0.09024390243902439 0.15868506493506496
2 0.36371951219512194 0.703125 0.05548780487804878 0.06777597402597403
2 0.4083841463414634 0.7041396103896105 0.05701219512195122 0.06006493506493507
2 0.5589939024390244 0.6887175324675325 0.06128048780487805 0.040584415584415584
2 0.4926829268292683 0.7353896103896105 0.05426829268292683 0.11931818181818182
0 0.4507621951219512 0.7175324675324676 0.0350609756097561 0.0900974025974026
1 0.541310975609756 0.8096590909090909 0.12103658536585366 0.10227272727272728
0 0.8089939024390244 0.7359983766233766 0.11798780487804877 0.07751623376623377
0 0.8016768292682926 0.6842532467532468 0.09786585365853659 0.04707792207792208
0 0.9251524390243903 0.6870941558441559 0.08932926829268292 0.05681818181818182
1 0.9736280487804878 0.7388392857142858 0.05213414634146341 0.08400974025974027
