0 0.14496951219512194 0.7601461038961039 0.07164634146341463 0.137987012987013
2 0.3592987804878049 0.695211038961039 0.10823170731707317 0.040584415584415584
2 0.46158536585365856 0.6883116883116883 0.036585365853658534 0.03246753246753247
0 0.6275914634146341 0.8240665584415585 0.10457317073170731 0.14488636363636365
0 0.5420731707317074 0.7623782467532468 0.09085365853658536 0.11079545454545456
0 0.4902439024390244 0.7177353896103896 0.045121951219512194 0.08482142857142858
0 0.541310975609756 0.6905438311688312 0.03871951219512195 0.041801948051948055
2 0.6414634146341464 0.684862012987013 0.07378048780487804 0.03612012987012987
0 0.4666158536585366 0.8125 0.07957317073170732 0.14935064935064937
1 0.7690548780487805 0.7280844155844156 0.09664634146341464 0.12012987012987014
2 0.6878048780487804 0.7150974025974026 0.06219512195121951 0.10146103896103897
2 0.9217987804878048 0.682224025974026 0.11310975609756098 0.05275974025974026
