0 0.12926829268292683 0.08603896103896104 0.11463414634146342 0.17207792207792208
0 0.06829268292682927 0.7487824675324676 0.09268292682926829 0.11444805194805195
2 0.014939024390243902 0.7644074675324676 0.029878048780487804 0.06696428571428571
0 0.033384146341463417 0.8713474025974026 0.06676829268292683 0.14610389610389612
2 0.2739329268292683 0.7859172077922079 0.06920731707317074 0.11810064935064936
2 0.3182926829268293 0.7061688311688312 0.06097560975609756 0.05438311688311689
1 0.4091463414634146 0.7504058441558442 0.10792682926829268 0.08035714285714286
2 0.4336890243902439 0.6970373376623377 0.05884146341463414 0.04423701298701299
2 0.5099085365853658 0.8234577922077922 0.09481707317073171 0.14772727272727273
0 0.4823170731707317 0.708400974025974 0.046341463414634146 0.0726461038961039
0 0.5439024390243903 0.7051542207792209 0.07926829268292683 0.07589285714285715
0 0.693140243902439 0.6877029220779222 0.07042682926829268 0.04829545454545455
