2 0.025609756097560974 0.4896509740259741 0.05121951219512195 0.08482142857142858
2 0.2865853658536585 0.6881087662337663 0.09390243902439024 0.15381493506493507
0 0.4452743902439024 0.15746753246753248 0.11859756097560975 0.15016233766233766
0 0.5629573170731708 0.32731331168831174 0.12835365853658537 0.13839285714285715
2 0.4560975609756098 0.8812905844155845 0.07865853658536585 0.19439935064935066
2 0.46432926829268295 0.7268668831168832 0.07378048780487804 0.12256493506493507
0 0.6660060975609756 0.8447646103896105 0.1125 0.19277597402597405
0 0.713719512195122 0.695211038961039 0.08841463414634146 0.14285714285714288
0 0.8609756097560975 0.7347808441558442 0.08353658536585366 0.143262987012987
2 0.7885670731707317 0.6913555194805195 0.07835365853658537 0.06209415584415585
