2 0.18978658536585366 0.7228084415584416 0.06676829268292683 0.06737012987012987
2 0.27469512195121953 0.7201704545454546 0.05426829268292683 0.09375
2 0.325609756097561 0.739448051948052 0.09634146341463415 0.12256493506493507
2 0.39634146341463417 0.7254464285714286 0.04695121951219512 0.08157467532467533
0 0.4260670731707317 0.6726866883116883 0.09115853658536585 0.13271103896103897
0 0.3466463414634146 0.6045048701298702 0.075 0.16030844155844157
2 0.6503048780487805 0.7404626623376623 0.03475609756097561 0.1400162337662338
0 0.6832317073170732 0.7814529220779222 0.09146341463414634 0.11566558441558443
0 0.739939024390244 0.7674512987012988 0.07865853658536585 0.1517857142857143
0 0.910670731707317 0.7607548701298702 0.10853658536585366 0.13108766233766234
0 0.9251524390243903 0.6939935064935066 0.06615853658536586 0.08198051948051949
2 0.7948170731707317 0.6834415584415585 0.09146341463414634 0.04301948051948052
0 0.8934451219512195 0.6116071428571429 0.13567073170731708 0.14691558441558442
