0 0.19054878048780488 0.6245941558441559 0.08780487804878048 0.16801948051948054
1 0.09527439024390244 0.8159496753246753 0.09054878048780488 0.13433441558441558
0 0.26875 0.8076298701298702 0.09847560975609757 0.16558441558441558
2 0.2163109756097561 0.7390422077922079 0.06737804878048781 0.10551948051948053
0 0.33003048780487804 0.7027191558441559 0.10274390243902438 0.11566558441558443
0 0.44435975609756095 0.6960227272727273 0.034451219512195125 0.044642857142857144
0 0.5074695121951219 0.6986607142857143 0.09298780487804878 0.05397727272727273
1 0.6452743902439024 0.716112012987013 0.11067073170731707 0.10105519480519481
2 0.7301829268292683 0.7167207792207793 0.08597560975609755 0.10876623376623377
0 0.8077743902439024 0.6816152597402598 0.04847560975609756 0.0450487012987013
2 0.8765243902439024 0.6763392857142858 0.05304878048780488 0.037743506493506496
1 0.9420731707317073 0.7136769480519481 0.11280487804878049 0.07345779220779221
2 0.9782012195121951 0.6696428571428572 0.04298780487804878 0.034090909090909095
0 0.8606707317073171 0.7435064935064936 0.12378048780487805 0.1103896103896104
0 0.8288109756097561 0.8441558441558442 0.09115853658536585 0.13311688311688313
