0 0.09405487804878049 0.8161525974025975 0.0923780487804878 0.12012987012987014
0 0.3024390243902439 0.7067775974025975 0.11341463414634147 0.0588474025974026
0 0.6364329268292683 0.7402597402597403 0.10823170731707317 0.08279220779220779
0 0.5314024390243902 0.6935876623376623 0.06402439024390244 0.06737012987012987
0 0.48109756097560974 0.6976461038961039 0.04085365853658537 0.05194805194805195
2 0.44222560975609754 0.689935064935065 0.0350609756097561 0.03571428571428572
2 0.4032012195121951 0.690137987012987 0.03567073170731707 0.032873376623376624
1 0.7254573170731707 0.7146915584415585 0.09420731707317073 0.08766233766233766
0 0.8498475609756098 0.7337662337662338 0.1551829268292683 0.13555194805194806
0 0.85625 0.6852678571428572 0.09847560975609757 0.049918831168831175
2 0.9780487804878049 0.7678571428571429 0.043292682926829265 0.07873376623376624
2 0.938719512195122 0.7088068181818182 0.056707317073170734 0.1002435064935065
0 0.9847560975609756 0.6810064935064936 0.029878048780487804 0.05113636363636364
