0 0.44878048780487806 0.20941558441558442 0.1024390243902439 0.18100649350649353
2 0.035518292682926826 0.807224025974026 0.06981707317073171 0.15422077922077923
2 0.13963414634146343 0.7585227272727273 0.13170731707317074 0.10146103896103897
2 0.13963414634146343 0.9034090909090909 0.12560975609756098 0.19237012987012989
2 0.1458841463414634 0.7092126623376623 0.0801829268292683 0.04829545454545455
2 0.27179878048780487 0.7489853896103896 0.08871951219512195 0.17410714285714288
2 0.2865853658536585 0.718547077922078 0.10365853658536585 0.0791396103896104
0 0.4788109756097561 0.7017045454545455 0.09603658536585366 0.06331168831168832
2 0.6682926829268293 0.775974025974026 0.075 0.1038961038961039
2 0.7044207317073171 0.7481737012987013 0.0850609756097561 0.15706168831168832
2 0.7689024390243903 0.7138798701298702 0.08658536585365853 0.10470779220779221
2 0.8461890243902439 0.737012987012987 0.09786585365853659 0.08522727272727273
