0 0.9527439024390244 0.7333603896103896 0.09390243902439024 0.1112012987012987
0 0.9824695121951219 0.48944805194805197 0.034451219512195125 0.06006493506493507
0 0.35472560975609757 0.5186688311688312 0.08445121951219513 0.07061688311688312
2 0.2885670731707317 0.5351055194805195 0.05091463414634146 0.09375
2 0.3092987804878049 0.6454951298701299 0.11554878048780488 0.16030844155844157
2 0.7420731707317073 0.518262987012987 0.07865853658536585 0.09983766233766235
2 0.5420731707317074 0.5058847402597403 0.07804878048780488 0.052353896103896104
0 0.40472560975609756 0.5886769480519481 0.08628048780487804 0.14732142857142858
0 0.43871951219512195 0.6737012987012988 0.08780487804878048 0.18100649350649353
2 0.48551829268292684 0.549512987012987 0.07469512195121951 0.11201298701298702
0 0.4969512195121951 0.6655844155844156 0.07926829268292683 0.1387987012987013
0 0.511890243902439 0.7905844155844156 0.09939024390243903 0.15584415584415584
0 0.6068597560975609 0.6972402597402598 0.11310975609756098 0.1801948051948052
2 0.6231707317073171 0.5685876623376623 0.09024390243902439 0.08766233766233766
0 0.6757621951219512 0.49857954545454547 0.09725609756097561 0.06858766233766234
0 0.801219512195122 0.7327516233766235 0.1323170731707317 0.15219155844155846
0 0.7943597560975609 0.6077516233766234 0.11067073170731707 0.14732142857142858
0 0.8559451219512195 0.5280032467532468 0.11493902439024391 0.11363636363636365
2 0.930640243902439 0.4995941558441559 0.05030487804878049 0.057629870129870135
