0 0.10853658536585366 0.6698457792207793 0.08780487804878048 0.1765422077922078
0 0.1774390243902439 0.8648538961038962 0.08475609756097562 0.16558441558441558
0 0.27896341463414637 0.8043831168831169 0.11036585365853659 0.1599025974025974
2 0.24939024390243902 0.9094967532467533 0.10121951219512196 0.1387987012987013
0 0.4745426829268293 0.7692775974025975 0.08384146341463415 0.14488636363636365
2 0.6185975609756098 0.6858766233766235 0.039634146341463415 0.03490259740259741
0 0.6632621951219512 0.7964691558441559 0.12225609756097561 0.11891233766233766
0 0.7100609756097561 0.7015016233766235 0.07865853658536585 0.07832792207792208
0 0.7635670731707317 0.8029626623376623 0.08079268292682927 0.1554383116883117
2 0.8210365853658537 0.8076298701298702 0.05975609756097561 0.10064935064935066
2 0.7974085365853658 0.7027191558441559 0.09969512195121952 0.0856331168831169
