0 0.9663109756097561 0.8587662337662338 0.06676829268292683 0.10227272727272728
0 0.8795731707317073 0.7832792207792209 0.13475609756097562 0.11607142857142858
0 0.7532012195121951 0.7061688311688312 0.08079268292682927 0.09415584415584416
0 0.9634146341463414 0.682224025974026 0.07256097560975609 0.07224025974025974
2 0.9035060975609757 0.7157061688311689 0.049695121951219515 0.057224025974025976
0 0.8434451219512195 0.695211038961039 0.10457317073170731 0.07224025974025974
2 0.9740853658536586 0.7658279220779222 0.05121951219512195 0.0900974025974026
0 0.44878048780487806 0.8543019480519481 0.12134146341463414 0.11282467532467533
0 0.45152439024390245 0.9494724025974026 0.08353658536585366 0.1002435064935065
0 0.6067073170731707 0.7224025974025975 0.05121951219512195 0.11282467532467533
0 0.2919207317073171 0.7065746753246753 0.05274390243902439 0.05032467532467533
2 0.3646341463414634 0.6988636363636365 0.08841463414634146 0.041396103896103896
0 0.3625 0.7554788961038962 0.09024390243902439 0.09537337662337662
0 0.5333841463414634 0.7575081168831169 0.10701219512195122 0.10673701298701299
0 0.44908536585365855 0.7566964285714286 0.08292682926829269 0.12053571428571429
2 0.44908536585365855 0.6915584415584416 0.08475609756097562 0.0275974025974026
2 0.5179878048780487 0.6887175324675325 0.07256097560975609 0.03246753246753247
2 0.6592987804878049 0.6856737012987013 0.05030487804878049 0.04667207792207793
0 0.6403963414634146 0.7984983766233766 0.09542682926829268 0.13108766233766234
