2 0.3535060975609756 0.7583198051948052 0.17103658536585367 0.32589285714285715
2 0.8588414634146342 0.7073863636363636 0.1048780487804878 0.1112012987012987
2 0.6204268292682927 0.7209821428571429 0.08109756097560976 0.10511363636363637
2 0.7044207317073171 0.6980519480519481 0.0649390243902439 0.06574675324675325
2 0.9832317073170732 0.8338068181818182 0.032926829268292684 0.1286525974025974
0 0.7048780487804878 0.9052353896103896 0.10182926829268292 0.17816558441558442
0 0.6071646341463415 0.8887987012987013 0.07469512195121951 0.18344155844155846
0 0.5644817073170731 0.9052353896103896 0.05274390243902439 0.1489448051948052
2 0.5137195121951219 0.937297077922078 0.06219512195121951 0.12459415584415585
0 0.4003048780487805 0.9261363636363636 0.10670731707317073 0.14691558441558442
0 0.08460365853658537 0.8106737012987013 0.09054878048780488 0.15381493506493507
0 0.02652439024390244 0.9642857142857143 0.05304878048780488 0.07061688311688312
2 0.10365853658536585 0.713474025974026 0.0798780487804878 0.07061688311688312
2 0.174390243902439 0.7637987012987013 0.06219512195121951 0.14123376623376624
2 0.1638719512195122 0.7934253246753247 0.04603658536585366 0.14935064935064937
2 0.29070121951219513 0.7355925324675325 0.03689024390243902 0.0726461038961039
