0 0.24314024390243902 0.7769886363636365 0.12652439024390244 0.09618506493506494
2 0.13795731707317074 0.7122564935064936 0.09908536585365854 0.04383116883116883
0 0.2611280487804878 0.708198051948052 0.11920731707317073 0.05032467532467533
2 0.40990853658536586 0.700487012987013 0.0649390243902439 0.05032467532467533
2 0.6693597560975609 0.6911525974025975 0.09786585365853659 0.049512987012987016
2 0.7827743902439024 0.6803977272727273 0.06981707317073171 0.03449675324675325
2 0.9722560975609756 0.6816152597402598 0.054878048780487805 0.052353896103896104
0 0.8748475609756098 0.7047483766233766 0.08932926829268292 0.08806818181818182
0 0.9179878048780488 0.6834415584415585 0.05731707317073171 0.07142857142857144
0 0.8908536585365854 0.7802353896103896 0.09390243902439024 0.08400974025974027
0 0.9137195121951219 0.8490259740259741 0.10914634146341463 0.07224025974025974
