0 0.3291158536585366 0.45677759740259744 0.12591463414634146 0.15706168831168832
0 0.4370426829268293 0.43364448051948057 0.12286585365853658 0.17167207792207792
2 0.08689024390243902 0.8031655844155845 0.11951219512195121 0.15097402597402598
2 0.511280487804878 0.8025568181818182 0.08353658536585366 0.17897727272727273
0 0.9650914634146341 0.6779626623376623 0.049695121951219515 0.05073051948051949
2 0.9178353658536585 0.7366071428571429 0.09664634146341464 0.13636363636363638
2 0.6641768292682927 0.723823051948052 0.06554878048780488 0.13027597402597405
0 0.7150914634146341 0.7437094155844156 0.09908536585365854 0.13920454545454547
0 0.7483231707317073 0.8476055194805195 0.10884146341463415 0.13920454545454547
0 0.6911585365853659 0.9218750000000001 0.0975609756097561 0.1554383116883117
