0 0.19557926829268293 0.7146915584415585 0.11067073170731707 0.05844155844155845
2 0.28567073170731705 0.6968344155844156 0.06524390243902439 0.03327922077922078
2 0.36646341463414633 0.6988636363636365 0.07195121951219512 0.049512987012987016
0 0.20198170731707318 0.9107142857142858 0.10152439024390243 0.16720779220779222
0 0.4798780487804878 0.692775974025974 0.08231707317073171 0.04301948051948052
2 0.6301829268292682 0.6864853896103896 0.07560975609756097 0.0450487012987013
2 0.7152439024390244 0.7242288961038962 0.06585365853658537 0.11891233766233766
0 0.786890243902439 0.7410714285714286 0.08963414634146341 0.1176948051948052
0 0.7954268292682927 0.6824269480519481 0.045121951219512194 0.040990259740259744
2 0.8455792682926829 0.6854707792207793 0.047865853658536586 0.04626623376623377
0 0.8960365853658536 0.6840503246753247 0.05426829268292683 0.057224025974025976
2 0.9609756097560975 0.6844561688311689 0.0774390243902439 0.07670454545454546
2 0.9243902439024391 0.7585227272727273 0.10670731707317073 0.09496753246753248
0 0.9004573170731708 0.8400974025974026 0.12652439024390244 0.11282467532467533
