0 0.1864329268292683 0.24594155844155846 0.15640243902439024 0.18100649350649353
0 0.231859756097561 0.5346996753246753 0.10640243902439024 0.19439935064935066
0 0.35335365853658535 0.6270292207792209 0.12560975609756098 0.12662337662337664
2 0.2804878048780488 0.7017045454545455 0.07439024390243902 0.14123376623376624
2 0.44939024390243903 0.7887581168831169 0.08597560975609755 0.15137987012987014
2 0.5248475609756098 0.6858766233766235 0.06371951219512195 0.040584415584415584
2 0.2580792682926829 0.9541396103896105 0.058231707317073174 0.09090909090909091
0 0.6464939024390244 0.768060064935065 0.09054878048780488 0.143262987012987
0 0.677439024390244 0.6879058441558442 0.07317073170731707 0.04383116883116883
0 0.8876524390243903 0.7098214285714286 0.10640243902439024 0.08928571428571429
