0 0.10685975609756097 0.19074675324675325 0.0923780487804878 0.1728896103896104
0 0.14954268292682926 0.0947646103896104 0.12225609756097561 0.1895292207792208
0 0.6102134146341464 0.33705357142857145 0.10640243902439024 0.15706168831168832
2 0.5109756097560976 0.6018668831168832 0.11280487804878049 0.11444805194805195
0 0.5042682926829268 0.6933847402597403 0.06341463414634146 0.0856331168831169
2 0.6105182926829268 0.9007711038961039 0.07347560975609756 0.14245129870129872
0 0.6440548780487805 0.6183035714285715 0.12896341463414634 0.12540584415584416
2 0.6492378048780488 0.7597402597402598 0.10823170731707317 0.1534090909090909
2 0.19954268292682928 0.7386363636363636 0.13689024390243903 0.1103896103896104
2 0.3492378048780488 0.7644074675324676 0.10701219512195122 0.1765422077922078
