2 0.8772865853658537 0.6943993506493507 0.07103658536585365 0.0689935064935065
2 0.5016768292682927 0.705762987012987 0.0625 0.07711038961038962
0 0.20792682926829267 0.0744724025974026 0.13841463414634148 0.1489448051948052
0 0.09817073170731708 0.15503246753246755 0.08902439024390243 0.18425324675324675
2 0.10167682926829268 0.03713474025974026 0.06371951219512195 0.07426948051948053
2 0.4297256097560976 0.7256493506493507 0.07652439024390244 0.13311688311688313
0 0.3926829268292683 0.9062500000000001 0.08841463414634146 0.16801948051948054
0 0.3195121951219512 0.9178165584415585 0.06890243902439025 0.16355519480519481
0 0.3416158536585366 0.7684659090909092 0.09176829268292683 0.1546266233766234
0 0.24954268292682927 0.7382305194805195 0.10091463414634147 0.12175324675324677
0 0.02698170731707317 0.9492694805194806 0.05396341463414634 0.10064935064935066
2 0.19603658536585367 0.9693587662337663 0.056707317073170734 0.060470779220779224
0 0.22210365853658537 0.8766233766233766 0.1100609756097561 0.14610389610389612
2 0.17256097560975608 0.7838879870129871 0.06463414634146342 0.14569805194805197
2 0.11707317073170731 0.7907873376623377 0.06097560975609756 0.13676948051948054
2 0.06173780487804878 0.7747564935064936 0.07835365853658537 0.15584415584415584
2 0.02454268292682927 0.7276785714285715 0.04908536585365854 0.09577922077922078
2 0.014329268292682927 0.8437500000000001 0.028658536585365855 0.12662337662337664
