0 0.4617378048780488 0.15868506493506496 0.1003048780487805 0.16233766233766234
0 0.22515243902439025 0.38575487012987014 0.10396341463414634 0.1757305194805195
0 0.9307926829268293 0.7605519480519481 0.13597560975609757 0.16314935064935066
0 0.5801829268292683 0.7130681818181819 0.1073170731707317 0.1996753246753247
0 0.44496951219512193 0.6964285714285715 0.11798780487804877 0.16233766233766234
2 0.5289634146341463 0.8204139610389611 0.075 0.17086038961038963
0 0.08932926829268292 0.9500811688311689 0.08841463414634146 0.09902597402597403
2 0.09314024390243902 0.7096185064935066 0.13201219512195123 0.08238636363636365
2 0.2611280487804878 0.6956168831168832 0.0923780487804878 0.05032467532467533
0 0.33125 0.7867288961038962 0.09420731707317073 0.1489448051948052
2 0.3463414634146341 0.6931818181818182 0.06524390243902439 0.049512987012987016
