0 0.11493902439024391 0.08258928571428573 0.10609756097560975 0.16517857142857145
0 0.1076219512195122 0.7640016233766235 0.10182926829268292 0.19196428571428573
0 0.03323170731707317 0.8459821428571429 0.06646341463414634 0.1335227272727273
0 0.047865853658536586 0.7532467532467533 0.08048780487804878 0.12012987012987014
0 0.3745426829268293 0.721185064935065 0.0923780487804878 0.21996753246753248
0 0.4143292682926829 0.7676542207792209 0.07804878048780488 0.143262987012987
0 0.5772865853658536 0.8877840909090909 0.06615853658536586 0.13595779220779222
0 0.6141768292682926 0.9314123376623378 0.09847560975609757 0.13636363636363638
2 0.9403963414634147 0.6909496753246753 0.09359756097560976 0.07345779220779221
0 0.7719512195121951 0.708198051948052 0.08292682926829269 0.09821428571428573
0 0.6695121951219513 0.5517451298701299 0.07317073170731707 0.10836038961038962
0 0.5935975609756098 0.38839285714285715 0.12621951219512195 0.12905844155844157
