0 0.029878048780487804 0.7219967532467533 0.05975609756097561 0.19074675324675325
2 0.10289634146341463 0.5397727272727273 0.08445121951219513 0.07792207792207792
0 0.4861280487804878 0.7250405844155845 0.0899390243902439 0.1416396103896104
2 0.473780487804878 0.6227678571428572 0.07317073170731707 0.13758116883116883
2 0.5149390243902439 0.551948051948052 0.08231707317073171 0.13311688311688313
2 0.6315548780487805 0.557426948051948 0.046646341463414634 0.08319805194805195
2 0.5878048780487805 0.5200892857142857 0.08597560975609755 0.07670454545454546
2 0.6684451219512195 0.5040584415584416 0.05518292682926829 0.05600649350649351
0 0.7230182926829268 0.6359577922077922 0.0722560975609756 0.13311688311688313
0 0.7967987804878048 0.6073457792207793 0.09603658536585366 0.11647727272727273
2 0.7701219512195122 0.5578327922077922 0.1152439024390244 0.04829545454545455
0 0.8003048780487805 0.48863636363636365 0.1 0.08847402597402598
0 0.8971036585365854 0.5032467532467533 0.10945121951219512 0.10876623376623377
