2 0.231859756097561 0.2069805194805195 0.12347560975609756 0.18425324675324675
1 0.09847560975609757 0.8193993506493507 0.0871951219512195 0.13068181818181818
0 0.3905487804878049 0.7339691558441559 0.06524390243902439 0.12215909090909091
0 0.500609756097561 0.6970373376623377 0.09634146341463415 0.05965909090909091
0 0.6201219512195122 0.7554788961038962 0.11158536585365854 0.10998376623376624
0 0.760670731707317 0.6917613636363636 0.051829268292682924 0.11160714285714286
0 0.7189024390243902 0.6089691558441559 0.14878048780487804 0.11485389610389611
0 0.8434451219512195 0.7520292207792209 0.1198170731707317 0.11201298701298702
0 0.8342987804878049 0.6824269480519481 0.09420731707317073 0.049918831168831175
2 0.9634146341463414 0.6753246753246753 0.07256097560975609 0.03652597402597403
2 0.9900914634146342 0.7305194805194806 0.01920731707317073 0.06412337662337662
