2 0.8967987804878049 0.7221996753246753 0.07469512195121951 0.1270292207792208
0 0.7664634146341464 0.7274756493506493 0.08536585365853659 0.13027597402597405
2 0.6429878048780487 0.6950081168831169 0.05121951219512195 0.060470779220779224
0 0.5940548780487804 0.6846590909090909 0.04603658536585366 0.03733766233766234
0 0.5091463414634146 0.7033279220779222 0.058536585365853655 0.06980519480519481
2 0.4538109756097561 0.7246347402597403 0.05396341463414634 0.11810064935064936
2 0.40609756097560973 0.7199675324675325 0.03841463414634146 0.09415584415584416
0 0.36082317073170733 0.7112418831168832 0.04176829268292683 0.06452922077922078
2 0.32179878048780486 0.7100243506493507 0.03201219512195122 0.052353896103896104
0 0.28536585365853656 0.7021103896103896 0.03719512195121951 0.04301948051948052
2 0.2548780487804878 0.7560876623376623 0.09573170731707317 0.07954545454545454
0 0.21128048780487804 0.7096185064935066 0.09634146341463415 0.07832792207792208
0 0.3464939024390244 0.8437500000000001 0.09115853658536585 0.13961038961038963
0 0.29634146341463413 0.8161525974025975 0.08780487804878048 0.14610389610389612
0 0.0676829268292683 0.9303977272727273 0.11768292682926829 0.13839285714285715
2 0.030792682926829268 0.7842938311688312 0.061585365853658536 0.1416396103896104
0 0.15777439024390244 0.6168831168831169 0.12042682926829268 0.11282467532467533
0 0.07850609756097561 0.6582792207792209 0.09664634146341464 0.15503246753246755
