0 0.8882621951219513 0.9015827922077922 0.09786585365853659 0.1960227272727273
0 0.7138719512195122 0.8088474025974026 0.09603658536585366 0.17694805194805197
2 0.7434451219512195 0.6883116883116883 0.06371951219512195 0.05113636363636364
0 0.6484756097560975 0.7489853896103896 0.0676829268292683 0.13676948051948054
0 0.6094512195121952 0.7138798701298702 0.04939024390243903 0.09334415584415585
0 0.27454268292682926 0.6235795454545455 0.06310975609756098 0.17491883116883117
0 0.17865853658536585 0.7623782467532468 0.08780487804878048 0.1351461038961039
0 0.07667682926829268 0.5909090909090909 0.09725609756097561 0.1452922077922078
0 0.19344512195121952 0.9103084415584416 0.10091463414634147 0.17857142857142858
0 0.17484756097560974 0.46793831168831174 0.14847560975609755 0.12743506493506496
0 0.1461890243902439 0.17918019480519481 0.12042682926829268 0.12946428571428573
0 0.17774390243902438 0.09618506493506494 0.1329268292682927 0.19237012987012989
