2 0.01173780487804878 0.8678977272727273 0.02347560975609756 0.04261363636363637
0 0.06219512195121951 0.7260551948051949 0.09024390243902439 0.07224025974025974
2 0.15670731707317073 0.7155032467532468 0.10121951219512196 0.05925324675324676
2 0.2382621951219512 0.7122564935064936 0.07347560975609756 0.05844155844155845
0 0.32240853658536583 0.7713068181818182 0.10152439024390243 0.11323051948051949
0 0.39954268292682926 0.7116477272727273 0.0850609756097561 0.07183441558441558
1 0.3698170731707317 0.8415178571428572 0.09695121951219512 0.1335227272727273
0 0.16326219512195123 0.9391233766233766 0.1350609756097561 0.12094155844155845
0 0.5024390243902439 0.7802353896103896 0.11280487804878049 0.14488636363636365
2 0.5221036585365854 0.9470373376623378 0.07713414634146341 0.10511363636363637
0 0.6692073170731707 0.6935876623376623 0.05975609756097561 0.09983766233766235
0 0.8155487804878049 0.8338068181818182 0.12195121951219512 0.1400162337662338
0 0.8028963414634146 0.6939935064935066 0.09725609756097561 0.09821428571428573
2 0.7852134146341463 0.7224025974025975 0.02652439024390244 0.030032467532467536
2 0.926829268292683 0.7335633116883118 0.1225609756097561 0.12621753246753248
