0 0.11646341463414635 0.7333603896103896 0.08231707317073171 0.10227272727272728
2 0.06753048780487805 0.7144886363636365 0.04359756097560975 0.0450487012987013
2 0.0288109756097561 0.8143262987012988 0.0576219512195122 0.13433441558441558
2 0.09115853658536585 0.8021509740259741 0.10060975609756098 0.1213474025974026
2 0.20929878048780487 0.7106331168831169 0.06067073170731707 0.05113636363636364
2 0.27179878048780487 0.739448051948052 0.06310975609756098 0.12256493506493507
2 0.35823170731707316 0.6980519480519481 0.07195121951219512 0.04301948051948052
0 0.5370426829268292 0.713474025974026 0.0722560975609756 0.09253246753246754
2 0.4768292682926829 0.770698051948052 0.07195121951219512 0.12905844155844157
0 0.7954268292682927 0.6891233766233766 0.08597560975609755 0.11282467532467533
0 0.894359756097561 0.7150974025974026 0.10213414634146341 0.1030844155844156
