0 0.9629573170731708 0.29383116883116883 0.07347560975609756 0.2224025974025974
0 0.1378048780487805 0.8340097402597403 0.1048780487804878 0.1444805194805195
0 0.21234756097560975 0.739448051948052 0.0923780487804878 0.13555194805194806
2 0.28810975609756095 0.6943993506493507 0.06829268292682927 0.053571428571428575
0 0.19939024390243903 0.8772321428571429 0.10182926829268292 0.16436688311688313
0 0.3233231707317073 0.8252840909090909 0.08932926829268292 0.1830357142857143
0 0.5666158536585366 0.7286931818181819 0.07591463414634146 0.14245129870129872
0 0.6487804878048781 0.8106737012987013 0.1323170731707317 0.16436688311688313
0 0.6254573170731708 0.9170048701298702 0.06859756097560976 0.10267857142857144
2 0.6492378048780488 0.697849025974026 0.06859756097560976 0.0864448051948052
