0 0.33689024390243905 0.18709415584415587 0.12073170731707317 0.16071428571428573
0 0.058536585365853655 0.22909902597402598 0.09634146341463415 0.1700487012987013
0 0.04679878048780488 0.3758116883116883 0.09359756097560976 0.1582792207792208
0 0.03307926829268293 0.5040584415584416 0.06615853658536586 0.12337662337662339
2 0.022865853658536585 0.7299107142857143 0.04573170731707317 0.07102272727272728
2 0.14085365853658535 0.7635957792207793 0.09146341463414634 0.143262987012987
0 0.4559451219512195 0.7088068181818182 0.08628048780487804 0.08238636363636365
0 0.5716463414634146 0.687297077922078 0.06341463414634146 0.045860389610389615
2 0.7739329268292683 0.7207792207792209 0.09054878048780488 0.10957792207792208
2 0.7932926829268293 0.7644074675324676 0.08658536585365853 0.11810064935064936
0 0.8702743902439024 0.7110389610389611 0.10335365853658536 0.1030844155844156
