0 0.22515243902439025 0.7096185064935066 0.11432926829268293 0.07832792207792208
0 0.33140243902439026 0.8717532467532468 0.11951219512195121 0.11607142857142858
0 0.08323170731707318 0.8177759740259741 0.06951219512195123 0.15097402597402598
0 0.44603658536585367 0.7439123376623377 0.08780487804878048 0.14123376623376624
0 0.5355182926829268 0.7554788961038962 0.11128048780487805 0.0929383116883117
2 0.666920731707317 0.6960227272727273 0.10335365853658536 0.06006493506493507
2 0.8248475609756097 0.7276785714285715 0.10274390243902438 0.10795454545454546
0 0.9182926829268293 0.781047077922078 0.1024390243902439 0.12378246753246754
2 0.9670731707317073 0.9040178571428572 0.06524390243902439 0.11891233766233766
2 0.9512195121951219 0.7219967532467533 0.09695121951219512 0.10957792207792208
