2 0.8897865853658536 0.687297077922078 0.05091463414634146 0.0791396103896104
2 0.6891768292682927 0.9770698051948052 0.06554878048780488 0.0450487012987013
2 0.34512195121951217 0.49918831168831174 0.13597560975609757 0.16558441558441558
0 0.13826219512195123 0.13169642857142858 0.12225609756097561 0.2041396103896104
0 0.9672256097560976 0.6682224025974026 0.0649390243902439 0.1278409090909091
2 0.7823170731707317 0.7295048701298702 0.07926829268292683 0.13758116883116883
0 0.7184451219512195 0.812297077922078 0.08628048780487804 0.1497564935064935
0 0.6323170731707317 0.7627840909090909 0.08597560975609755 0.14732142857142858
0 0.5734756097560976 0.7408685064935066 0.10121951219512196 0.13758116883116883
0 0.49573170731707317 0.8865665584415585 0.10548780487804878 0.16680194805194806
0 0.23917682926829267 0.9239042207792209 0.13567073170731708 0.15137987012987014
0 0.1336890243902439 0.7778003246753247 0.11432926829268293 0.15949675324675325
2 0.02530487804878049 0.744724025974026 0.05060975609756098 0.13474025974025974
