0 0.1353658536585366 0.734375 0.09634146341463415 0.08238636363636365
0 0.48795731707317075 0.6617288961038962 0.06981707317073171 0.14245129870129872
0 0.5352134146341463 0.7349837662337663 0.0625 0.13717532467532467
0 0.6138719512195122 0.7319399350649352 0.09603658536585366 0.08319805194805195
0 0.6376524390243903 0.6860795454545455 0.08140243902439025 0.037743506493506496
0 0.7646341463414634 0.7520292207792209 0.1024390243902439 0.14042207792207792
2 0.9198170731707317 0.7132711038961039 0.07682926829268293 0.11241883116883118
2 0.9797256097560976 0.7991071428571429 0.0399390243902439 0.06980519480519481
0 0.969969512195122 0.7175324675324676 0.05945121951219512 0.057629870129870135
2 0.8893292682926829 0.6767451298701299 0.05 0.03125
