2 0.1198170731707317 0.7140827922077922 0.08414634146341464 0.04910714285714286
0 0.2844512195121951 0.7337662337662338 0.061585365853658536 0.10470779220779221
0 0.21432926829268292 0.7138798701298702 0.10609756097560975 0.08116883116883117
0 0.19557926829268293 0.796672077922078 0.09847560975609757 0.10633116883116883
0 0.39375 0.723823051948052 0.09786585365853659 0.09212662337662338
0 0.4605182926829268 0.760349025974026 0.04420731707317073 0.13839285714285715
0 0.5053353658536586 0.7422889610389611 0.05518292682926829 0.1176948051948052
0 0.8533536585365854 0.6887175324675325 0.054878048780487805 0.06006493506493507
0 0.9297256097560975 0.692573051948052 0.07774390243902439 0.07670454545454546
0 0.9641768292682927 0.7642045454545455 0.07103658536585365 0.061688311688311695
