0 0.1015625 0.7659722222222223 0.125 0.16527777777777777
0 0.23007812500000002 0.7701388888888889 0.12578125 0.17083333333333334
0 0.339453125 0.7375 0.06796875000000001 0.10833333333333334
0 0.380859375 0.7541666666666667 0.13359375 0.09722222222222222
0 0.614453125 0.7166666666666667 0.11796875000000001 0.16666666666666669
0 0.6863281250000001 0.7472222222222222 0.06953125 0.1388888888888889
0 0.81953125 0.7368055555555556 0.0765625 0.12916666666666668
0 0.91171875 0.8631944444444445 0.14375000000000002 0.1763888888888889
0 0.431640625 0.6979166666666667 0.039843750000000004 0.0375
2 0.76328125 0.7590277777777779 0.109375 0.14583333333333334
0 0.9609375 0.7305555555555556 0.0765625 0.16944444444444445
