0 0.057031250000000006 0.7458333333333333 0.11406250000000001 0.23611111111111113
0 0.203515625 0.8034722222222223 0.19609375 0.23194444444444445
0 0.547265625 0.8763888888888889 0.11484375000000001 0.24166666666666667
0 0.874609375 0.75625 0.11484375000000001 0.15972222222222224
0 0.9164062500000001 0.7090277777777778 0.1078125 0.06805555555555556
2 0.591796875 0.70625 0.06171875 0.05416666666666667
0 0.683203125 0.6979166666666667 0.05234375 0.043055555555555555
2 0.776953125 0.6909722222222222 0.04609375 0.02361111111111111
2 0.9765625 0.7243055555555555 0.045312500000000006 0.08750000000000001
2 0.9656250000000001 0.8083333333333333 0.0671875 0.0638888888888889
0 0.641796875 0.6895833333333333 0.047656250000000004 0.029166666666666667
