0 0.07734375 0.8076388888888889 0.1015625 0.20416666666666666
0 0.151171875 0.7333333333333334 0.09140625000000001 0.1388888888888889
0 0.298046875 0.7680555555555556 0.11328125 0.16666666666666669
0 0.8851562500000001 0.4166666666666667 0.1421875 0.2888888888888889
2 0.87265625 0.6 0.1203125 0.17777777777777778
0 0.6953125 0.6777777777777778 0.134375 0.18055555555555555
2 0.6859375000000001 0.8326388888888889 0.109375 0.1902777777777778
2 0.8777343750000001 0.8173611111111111 0.10390625 0.2125
0 0.828125 0.7055555555555556 0.0859375 0.16111111111111112
0 0.75703125 0.725 0.0484375 0.058333333333333334
2 0.539453125 0.7368055555555556 0.09453125000000001 0.15694444444444444
2 0.494921875 0.70625 0.08515625 0.09583333333333334
2 0.455078125 0.6826388888888889 0.06796875000000001 0.04861111111111111
0 0.9183593750000001 0.7590277777777779 0.11171875 0.12916666666666668
0 0.215625 0.8694444444444445 0.1609375 0.25833333333333336
2 0.59140625 0.6895833333333333 0.0890625 0.0625
2 0.626953125 0.7180555555555556 0.057031250000000006 0.0638888888888889
