0 0.7796875000000001 0.7201388888888889 0.0890625 0.15972222222222224
0 0.034375 0.7840277777777778 0.06875 0.18194444444444446
0 0.06992187500000001 0.9277777777777778 0.11171875 0.1388888888888889
0 0.150390625 0.8930555555555556 0.09296875 0.20555555555555557
0 0.20664062500000002 0.7194444444444444 0.11796875000000001 0.22222222222222224
0 0.263671875 0.7270833333333334 0.07890625000000001 0.08750000000000001
2 0.374609375 0.7125 0.09609375 0.14722222222222223
2 0.46406250000000004 0.6666666666666667 0.0578125 0.11944444444444445
0 0.55078125 0.7937500000000001 0.11093750000000001 0.13472222222222222
0 0.6570312500000001 0.8416666666666667 0.15000000000000002 0.18611111111111112
0 0.6175781250000001 0.9291666666666667 0.13828125 0.13611111111111113
2 0.7410156250000001 0.6354166666666667 0.09765625 0.059722222222222225
0 0.915234375 0.7868055555555555 0.12890625 0.2125
2 0.531640625 0.6472222222222223 0.06953125 0.08333333333333334
2 0.941015625 0.08125 0.11484375000000001 0.1625
