0 0.708203125 0.4236111111111111 0.13046875 0.16944444444444445
2 0.654296875 0.5368055555555555 0.17578125 0.23194444444444445
2 0.030078125 0.6277777777777778 0.06015625 0.25277777777777777
2 0.0921875 0.3229166666666667 0.140625 0.24861111111111112
0 0.280078125 0.6527777777777778 0.12109375 0.3027777777777778
2 0.36367187500000003 0.8409722222222222 0.08671875000000001 0.17916666666666667
2 0.45937500000000003 0.69375 0.040625 0.0375
2 0.503125 0.7597222222222223 0.10625000000000001 0.13611111111111113
0 0.59375 0.7548611111111111 0.1234375 0.16527777777777777
0 0.5925781250000001 0.86875 0.12109375 0.23194444444444445
2 0.7703125000000001 0.7472222222222222 0.11406250000000001 0.1277777777777778
2 0.766796875 0.8666666666666667 0.11953125 0.2111111111111111
0 0.9281250000000001 0.7854166666666667 0.11406250000000001 0.19305555555555556
0 0.634375 0.22083333333333335 0.13125 0.275
