0 0.798828125 0.27222222222222225 0.16015625 0.17777777777777778
0 0.6472656250000001 0.6243055555555556 0.07734375 0.034722222222222224
2 0.217578125 0.6354166666666667 0.09921875000000001 0.05694444444444444
0 0.347265625 0.7201388888888889 0.07109375 0.1486111111111111
0 0.41835937500000003 0.757638888888889 0.12578125 0.18194444444444446
2 0.39101562500000003 0.9173611111111112 0.10859375 0.15972222222222224
2 0.56640625 0.7076388888888889 0.1015625 0.14583333333333334
0 0.6492187500000001 0.8090277777777778 0.109375 0.2125
2 0.632421875 0.9645833333333333 0.07109375 0.06527777777777778
0 0.75 0.732638888888889 0.0921875 0.17083333333333334
2 0.790234375 0.68125 0.07421875 0.12361111111111112
0 0.9535156250000001 0.6868055555555556 0.08984375 0.13194444444444445
2 0.9765625 0.6097222222222223 0.043750000000000004 0.10555555555555556
2 0.2984375 0.6423611111111112 0.065625 0.07361111111111111
