0 0.13203125000000002 0.8381944444444445 0.1265625 0.22916666666666669
0 0.264453125 0.7916666666666667 0.08203125 0.1638888888888889
0 0.08046875 0.42847222222222225 0.1609375 0.2263888888888889
2 0.42265625 0.08541666666666667 0.16718750000000002 0.17083333333333334
2 0.31757812500000004 0.6944444444444444 0.06171875 0.05555555555555556
0 0.37226562500000004 0.8020833333333334 0.09609375 0.1625
2 0.5078125 0.857638888888889 0.1640625 0.22083333333333335
2 0.531640625 0.7111111111111111 0.06328125 0.09444444444444444
2 0.614453125 0.8847222222222223 0.09765625 0.22777777777777777
2 0.6667968750000001 0.7472222222222222 0.09609375 0.1527777777777778
0 0.9359375000000001 0.7048611111111112 0.0859375 0.08472222222222223
0 0.9128906250000001 0.5159722222222223 0.11796875000000001 0.24583333333333335
2 0.9832031250000001 0.7388888888888889 0.032031250000000004 0.11944444444444445
