0 0.8484375000000001 0.21736111111111112 0.16875 0.16805555555555557
2 0.020703125000000003 0.8173611111111111 0.041406250000000006 0.13194444444444445
0 0.121484375 0.5048611111111111 0.12265625000000001 0.25416666666666665
0 0.080078125 0.8506944444444445 0.08203125 0.23472222222222222
2 0.128515625 0.7145833333333333 0.08828125 0.1486111111111111
0 0.1796875 0.775 0.11406250000000001 0.18333333333333335
0 0.278515625 0.7083333333333334 0.06171875 0.1527777777777778
0 0.394140625 0.74375 0.06171875 0.16805555555555557
2 0.40390625 0.6131944444444445 0.0890625 0.14305555555555557
0 0.45742187500000003 0.7826388888888889 0.07578125000000001 0.23194444444444445
0 0.535546875 0.7159722222222222 0.07421875 0.1513888888888889
0 0.585546875 0.8152777777777778 0.10234375000000001 0.21666666666666667
0 0.583984375 0.6743055555555556 0.05390625 0.12916666666666668
0 0.6296875000000001 0.7090277777777778 0.08281250000000001 0.1375
0 0.70625 0.6666666666666667 0.06406250000000001 0.11666666666666667
0 0.737890625 0.7263888888888889 0.08359375000000001 0.16944444444444445
0 0.8207031250000001 0.7236111111111111 0.08828125 0.1527777777777778
0 0.953125 0.41250000000000003 0.09062500000000001 0.15833333333333333
2 0.97265625 0.8256944444444445 0.051562500000000004 0.14305555555555557
0 0.9234375 0.6520833333333333 0.0625 0.09027777777777778
0 0.33515625000000004 0.6430555555555556 0.0671875 0.06944444444444445
0 0.33515625000000004 0.7305555555555556 0.059375000000000004 0.19166666666666668
2 0.45703125 0.6451388888888889 0.037500000000000006 0.07083333333333333
