0 0.16757812500000002 0.7395833333333334 0.07578125000000001 0.14305555555555557
2 0.6429687500000001 0.04583333333333334 0.109375 0.09166666666666667
2 0.673046875 0.2777777777777778 0.08984375 0.28055555555555556
0 0.353125 0.7527777777777778 0.1078125 0.11666666666666667
2 0.404296875 0.851388888888889 0.16015625 0.28055555555555556
0 0.62890625 0.7208333333333333 0.15000000000000002 0.21944444444444444
2 0.7585937500000001 0.8423611111111111 0.115625 0.15972222222222224
2 0.909765625 0.8694444444444445 0.13203125000000002 0.14444444444444446
0 0.77109375 0.7097222222222223 0.09062500000000001 0.08888888888888889
2 0.9203125000000001 0.7041666666666667 0.15781250000000002 0.2611111111111111
2 0.49843750000000003 0.982638888888889 0.109375 0.03194444444444445
