1 0.37031250000000004 0.6145833333333334 0.1546875 0.2986111111111111
0 0.6257812500000001 0.7048611111111112 0.096875 0.15416666666666667
2 0.021484375 0.8291666666666667 0.04296875 0.2138888888888889
2 0.23046875 0.7000000000000001 0.0578125 0.03333333333333333
2 0.529296875 0.41111111111111115 0.13359375 0.2833333333333333
0 0.529296875 0.7527777777777778 0.09765625 0.14722222222222223
2 0.571484375 0.7208333333333333 0.07421875 0.08611111111111111
0 0.8656250000000001 0.30486111111111114 0.1546875 0.32083333333333336
2 0.21328125 0.3854166666666667 0.17500000000000002 0.3180555555555556
0 0.731640625 0.7111111111111111 0.09609375 0.1388888888888889
2 0.7937500000000001 0.7458333333333333 0.06406250000000001 0.14444444444444446
1 0.8695312500000001 0.7388888888888889 0.1265625 0.13055555555555556
0 0.9636718750000001 0.7548611111111111 0.07109375 0.11805555555555557
0 0.966796875 0.9006944444444445 0.06484375 0.19583333333333333
