0 0.589453125 0.24722222222222223 0.15546875000000002 0.17222222222222222
0 0.9164062500000001 0.7291666666666667 0.1546875 0.15
0 0.39960937500000004 0.7826388888888889 0.11171875 0.1763888888888889
0 0.27968750000000003 0.42083333333333334 0.125 0.2555555555555556
0 0.19453125000000002 0.1326388888888889 0.13125 0.2652777777777778
0 0.63046875 0.7645833333333334 0.09062500000000001 0.1875
2 0.765234375 0.9347222222222222 0.10859375 0.125
0 0.8367187500000001 0.4965277777777778 0.153125 0.20972222222222223
0 0.913671875 0.30972222222222223 0.13984375000000002 0.23055555555555557
2 0.654296875 0.6222222222222222 0.05234375 0.019444444444444445
0 0.433203125 0.6472222222222223 0.06640625 0.07777777777777778
