0 0.39140625 0.6340277777777779 0.19687500000000002 0.28194444444444444
0 0.071484375 0.7715277777777778 0.10078125 0.16805555555555557
0 0.6019531250000001 0.7145833333333333 0.09296875 0.11527777777777778
0 0.17539062500000002 0.6902777777777778 0.13359375 0.04166666666666667
0 0.6734375 0.8736111111111111 0.115625 0.23333333333333334
0 0.732421875 0.7597222222222223 0.12578125 0.14444444444444446
0 0.8984375 0.6923611111111111 0.1453125 0.1763888888888889
0 0.9125000000000001 0.9409722222222222 0.17343750000000002 0.11527777777777778
0 0.930859375 0.8375 0.11171875 0.17222222222222222
2 0.9636718750000001 0.7486111111111111 0.07109375 0.11388888888888889
