0 0.880078125 0.8638888888888889 0.15390625000000002 0.20277777777777778
0 0.029296875 0.8673611111111111 0.05859375 0.14583333333333334
0 0.0734375 0.757638888888889 0.1421875 0.14027777777777778
0 0.09648437500000001 0.8090277777777778 0.09765625 0.1875
0 0.334765625 0.8034722222222223 0.08984375 0.18472222222222223
0 0.41953125 0.6840277777777778 0.06875 0.25416666666666665
2 0.603125 0.6986111111111112 0.060937500000000006 0.03888888888888889
2 0.7386718750000001 0.7020833333333334 0.08984375 0.05416666666666667
2 0.8484375000000001 0.7006944444444445 0.060937500000000006 0.05416666666666667
0 0.44648437500000004 0.3111111111111111 0.20390625 0.27222222222222225
0 0.919140625 0.3805555555555556 0.13671875 0.3
0 0.94921875 0.7215277777777778 0.1 0.1125
0 0.90625 0.6930555555555555 0.0390625 0.03888888888888889
