0 0.34765625 0.7041666666666667 0.07187500000000001 0.08611111111111111
0 0.40234375 0.8625 0.1046875 0.20555555555555557
2 0.18984375 0.7118055555555556 0.059375000000000004 0.08750000000000001
2 0.2671875 0.7333333333333334 0.1078125 0.13055555555555556
2 0.474609375 0.71875 0.08515625 0.10694444444444445
0 0.5769531250000001 0.7055555555555556 0.08515625 0.07777777777777778
0 0.7292968750000001 0.6958333333333334 0.06640625 0.061111111111111116
2 0.804296875 0.7159722222222222 0.08828125 0.10416666666666667
2 0.8984375 0.6881944444444444 0.1296875 0.05416666666666667
2 0.9691406250000001 0.7604166666666667 0.06015625 0.1486111111111111
