0 0.47968750000000004 0.8930555555555556 0.1484375 0.1527777777777778
2 0.06015625 0.35694444444444445 0.1203125 0.2638888888888889
0 0.186328125 0.44583333333333336 0.16484375 0.21944444444444444
0 0.053125000000000006 0.6513888888888889 0.08281250000000001 0.07777777777777778
0 0.14960937500000002 0.6826388888888889 0.08984375 0.12916666666666668
0 0.284375 0.6826388888888889 0.11875000000000001 0.13194444444444445
0 0.369140625 0.70625 0.11640625 0.12361111111111112
0 0.4625 0.7284722222222223 0.1421875 0.12083333333333333
0 0.728125 0.7666666666666667 0.0890625 0.2
0 0.7468750000000001 0.6027777777777777 0.09062500000000001 0.1388888888888889
2 0.7933593750000001 0.6409722222222223 0.08046875 0.07916666666666666
0 0.8636718750000001 0.7138888888888889 0.10234375000000001 0.13611111111111113
2 0.874609375 0.8986111111111111 0.09453125000000001 0.19722222222222224
0 0.9656250000000001 0.71875 0.065625 0.14583333333333334
0 0.6824218750000001 0.7298611111111112 0.055468750000000004 0.10416666666666667
