0 0.11210937500000001 0.6888888888888889 0.09140625000000001 0.15555555555555556
0 0.08828125 0.4277777777777778 0.09843750000000001 0.23333333333333334
0 0.14179687500000002 0.3576388888888889 0.12265625000000001 0.15694444444444444
0 0.11679687500000001 0.14444444444444446 0.16171875000000002 0.17777777777777778
2 0.233203125 0.27222222222222225 0.12421875 0.18611111111111112
0 0.33125000000000004 0.058333333333333334 0.1546875 0.11666666666666667
2 0.6433593750000001 0.11944444444444445 0.12578125 0.2388888888888889
0 0.362890625 0.6680555555555556 0.09609375 0.11111111111111112
0 0.266796875 0.6888888888888889 0.09921875000000001 0.13333333333333333
2 0.451171875 0.64375 0.07421875 0.07361111111111111
0 0.47109375000000003 0.1902777777777778 0.1484375 0.1277777777777778
0 0.504296875 0.29444444444444445 0.15703125 0.13055555555555556
0 0.6039062500000001 0.5840277777777778 0.0703125 0.25416666666666665
2 0.619140625 0.38472222222222224 0.13515625 0.20555555555555557
0 0.5847656250000001 0.795138888888889 0.08828125 0.19305555555555556
0 0.5750000000000001 0.913888888888889 0.08125 0.16666666666666669
2 0.758984375 0.8375 0.11328125 0.21666666666666667
0 0.769140625 0.04583333333333334 0.11015625000000001 0.09166666666666667
0 0.9226562500000001 0.08263888888888889 0.15156250000000002 0.16527777777777777
0 0.78125 0.20277777777777778 0.1375 0.1527777777777778
0 0.78046875 0.4354166666666667 0.140625 0.23472222222222222
2 0.853515625 0.3180555555555556 0.12578125 0.24166666666666667
2 0.9246093750000001 0.3541666666666667 0.10859375 0.26944444444444443
2 0.829296875 0.6298611111111111 0.07109375 0.04583333333333334
0 0.830078125 0.12083333333333333 0.14609375 0.17500000000000002
0 0.7503906250000001 0.6472222222222223 0.10234375000000001 0.07777777777777778
2 0.751171875 0.6791666666666667 0.07421875 0.05
