0 0.6117187500000001 0.3451388888888889 0.1328125 0.20416666666666666
0 0.087890625 0.44236111111111115 0.10390625 0.23472222222222222
0 0.837890625 0.701388888888889 0.09609375 0.08611111111111111
0 0.607421875 0.6951388888888889 0.07578125000000001 0.06527777777777778
0 0.5320312500000001 0.2638888888888889 0.140625 0.20277777777777778
2 0.06796875000000001 0.7493055555555556 0.07500000000000001 0.1375
2 0.9359375000000001 0.8902777777777778 0.125 0.2138888888888889
2 0.79453125 0.5833333333333334 0.140625 0.2611111111111111
0 0.36757812500000003 0.8770833333333333 0.14921875 0.18194444444444446
0 0.359375 0.5180555555555556 0.13593750000000002 0.18333333333333335
0 0.401171875 0.6666666666666667 0.13671875 0.2138888888888889
2 0.9695312500000001 0.7263888888888889 0.059375000000000004 0.1388888888888889
2 0.311328125 0.6965277777777779 0.08515625 0.0625
