0 0.7625000000000001 0.5777777777777778 0.27187500000000003 0.2555555555555556
0 0.616796875 0.8680555555555556 0.10546875 0.20555555555555557
0 0.42500000000000004 0.6881944444444444 0.1234375 0.15416666666666667
0 0.33828125000000003 0.7388888888888889 0.0765625 0.13333333333333333
0 0.268359375 0.7263888888888889 0.06796875000000001 0.10277777777777779
0 0.21875 0.788888888888889 0.115625 0.17777777777777778
0 0.07421875 0.8 0.06875 0.14166666666666666
0 0.023046875 0.8319444444444445 0.04609375 0.1277777777777778
0 0.04296875 0.7333333333333334 0.0859375 0.11111111111111112
0 0.25703125 0.9097222222222222 0.1546875 0.17777777777777778
0 0.39882812500000003 0.9319444444444445 0.06484375 0.13333333333333333
0 0.8328125000000001 0.8340277777777778 0.1546875 0.32916666666666666
0 0.5300781250000001 0.8055555555555556 0.08203125 0.18055555555555555
0 0.48203125 0.7708333333333334 0.09531250000000001 0.14166666666666666
0 0.541015625 0.7138888888888889 0.11171875 0.08611111111111111
0 0.640234375 0.7298611111111112 0.09140625000000001 0.1125
0 0.771484375 0.83125 0.07109375 0.14305555555555557
2 0.870703125 0.795138888888889 0.09453125000000001 0.15416666666666667
2 0.8875000000000001 0.6923611111111111 0.109375 0.051388888888888894
