0 0.39101562500000003 0.6645833333333333 0.09140625000000001 0.11805555555555557
0 0.583203125 0.12916666666666668 0.14296875 0.23611111111111113
0 0.045703125000000004 0.6930555555555555 0.09140625000000001 0.12222222222222223
0 0.587890625 0.7555555555555555 0.11328125 0.18611111111111112
0 0.6804687500000001 0.6465277777777778 0.1234375 0.18472222222222223
0 0.81171875 0.6340277777777779 0.1203125 0.06805555555555556
2 0.40156250000000004 0.04583333333333334 0.08750000000000001 0.09166666666666667
0 0.551953125 0.7027777777777778 0.10859375 0.1277777777777778
0 0.520703125 0.6479166666666667 0.06640625 0.08472222222222223
0 0.7429687500000001 0.6298611111111111 0.05625 0.051388888888888894
0 0.8933593750000001 0.6451388888888889 0.07578125000000001 0.07916666666666666
2 0.96484375 0.5090277777777777 0.0671875 0.11527777777777778
