0 0.38984375000000004 0.788888888888889 0.12812500000000002 0.17777777777777778
0 0.8269531250000001 0.5229166666666667 0.13359375 0.2263888888888889
0 0.471484375 0.13611111111111113 0.12734375 0.24722222222222223
0 0.3484375 0.11527777777777778 0.1078125 0.2
0 0.15859375 0.11319444444444444 0.140625 0.2263888888888889
0 0.16757812500000002 0.2673611111111111 0.11015625000000001 0.22083333333333335
0 0.816015625 0.6625 0.11953125 0.11666666666666667
0 0.92890625 0.2388888888888889 0.1390625 0.18888888888888888
0 0.7265625 0.21944444444444444 0.134375 0.2388888888888889
2 0.9363281250000001 0.3805555555555556 0.12265625000000001 0.16666666666666669
0 0.817578125 0.27361111111111114 0.13046875 0.20555555555555557
