0 0.58203125 0.7819444444444444 0.0921875 0.1527777777777778
0 0.23554687500000002 0.8993055555555556 0.16171875000000002 0.17916666666666667
0 0.375 0.7798611111111111 0.1265625 0.1625
0 0.378515625 0.40625 0.08671875000000001 0.2847222222222222
0 0.60078125 0.32222222222222224 0.1328125 0.2611111111111111
0 0.642578125 0.15833333333333333 0.16953125000000002 0.19166666666666668
0 0.80390625 0.2791666666666667 0.1703125 0.28611111111111115
0 0.948828125 0.44027777777777777 0.10078125 0.28055555555555556
0 0.529296875 0.7201388888888889 0.08984375 0.08472222222222223
2 0.6359375 0.7034722222222223 0.0625 0.059722222222222225
2 0.73046875 0.7090277777777778 0.09062500000000001 0.06527777777777778
0 0.78125 0.7666666666666667 0.1328125 0.18055555555555555
