0 0.22382812500000002 0.7493055555555556 0.12421875 0.2013888888888889
0 0.861328125 0.70625 0.10703125000000001 0.16805555555555557
1 0.022265625 0.21319444444444446 0.04453125 0.13472222222222222
2 0.38320312500000003 0.9506944444444445 0.14140625 0.09305555555555556
0 0.766796875 0.6861111111111111 0.08515625 0.1527777777777778
0 0.6878906250000001 0.7625000000000001 0.08046875 0.17222222222222222
2 0.611328125 0.6715277777777778 0.08359375000000001 0.1125
0 0.47500000000000003 0.6611111111111111 0.07968750000000001 0.10833333333333334
2 0.421484375 0.6340277777777779 0.06640625 0.05694444444444444
0 0.9500000000000001 0.6847222222222222 0.096875 0.11944444444444445
2 0.9753906250000001 0.75625 0.04609375 0.12083333333333333
2 0.47734375 0.8173611111111111 0.11875000000000001 0.2513888888888889
