0 0.6355468750000001 0.12916666666666668 0.14296875 0.24444444444444446
0 0.51015625 0.7138888888888889 0.0578125 0.1
0 0.23984375000000002 0.725 0.15000000000000002 0.16666666666666669
0 0.4296875 0.7673611111111112 0.1296875 0.1486111111111111
2 0.675390625 0.6972222222222223 0.055468750000000004 0.06666666666666667
2 0.730078125 0.6909722222222222 0.07109375 0.05416666666666667
2 0.8539062500000001 0.6854166666666667 0.05625 0.051388888888888894
0 0.45039062500000004 0.7020833333333334 0.06015625 0.0763888888888889
0 0.5652343750000001 0.6979166666666667 0.07890625000000001 0.07361111111111111
1 0.105859375 0.7597222222222223 0.14765625000000002 0.16944444444444445
0 0.9441406250000001 0.6930555555555555 0.11015625000000001 0.0638888888888889
