0 0.26015625000000003 0.8048611111111111 0.11875000000000001 0.1486111111111111
0 0.533203125 0.7312500000000001 0.11328125 0.16527777777777777
1 0.92578125 0.6048611111111112 0.1453125 0.28194444444444444
2 0.48281250000000003 0.9159722222222223 0.19687500000000002 0.1625
0 0.42695312500000004 0.6513888888888889 0.08984375 0.09444444444444444
0 0.76484375 0.6645833333333333 0.0734375 0.1125
2 0.728125 0.6194444444444445 0.0328125 0.019444444444444445
2 0.8152343750000001 0.6298611111111111 0.055468750000000004 0.04583333333333334
2 0.66796875 0.7666666666666667 0.09531250000000001 0.15555555555555556
2 0.7296875 0.725 0.078125 0.14166666666666666
0 0.649609375 0.675 0.08671875000000001 0.125
