0 0.60078125 0.7201388888888889 0.08125 0.17083333333333334
0 0.17695312500000002 0.6659722222222223 0.16328125000000002 0.2513888888888889
0 0.26992187500000003 0.7263888888888889 0.08984375 0.16666666666666669
0 0.36562500000000003 0.7152777777777778 0.1 0.10833333333333334
0 0.5265625 0.8555555555555556 0.125 0.22222222222222224
0 0.6683593750000001 0.8701388888888889 0.10234375000000001 0.22083333333333335
0 0.7347656250000001 0.7479166666666667 0.09140625000000001 0.14027777777777778
0 0.8562500000000001 0.9006944444444445 0.1609375 0.19583333333333333
0 0.9125000000000001 0.83125 0.134375 0.21805555555555556
2 0.9609375 0.6986111111111112 0.0765625 0.16944444444444445
0 0.9027343750000001 0.6916666666666667 0.07421875 0.05
2 0.9714843750000001 0.8111111111111111 0.055468750000000004 0.13333333333333333
