0 0.6921875000000001 0.7923611111111112 0.09843750000000001 0.19305555555555556
0 0.9457031250000001 0.8756944444444444 0.09453125000000001 0.24305555555555555
0 0.058203125 0.36875 0.11640625 0.1625
0 0.127734375 0.12569444444444444 0.21484375 0.2513888888888889
2 0.022265625 0.06944444444444445 0.04453125 0.1388888888888889
0 0.31367187500000004 0.4166666666666667 0.17109375000000002 0.24722222222222223
0 0.152734375 0.7722222222222223 0.08359375000000001 0.14722222222222223
0 0.280078125 0.8652777777777778 0.11328125 0.26666666666666666
0 0.44375000000000003 0.6659722222222223 0.09062500000000001 0.16527777777777777
0 0.574609375 0.6326388888888889 0.13359375 0.1513888888888889
0 0.7195312500000001 0.9333333333333333 0.12812500000000002 0.13055555555555556
0 0.8718750000000001 0.6986111111111112 0.1171875 0.06944444444444445
2 0.48828125 0.8951388888888889 0.12812500000000002 0.20694444444444446
