0 0.86640625 0.6715277777777778 0.134375 0.15416666666666667
0 0.9554687500000001 0.6944444444444444 0.0546875 0.05277777777777778
2 0.36445312500000004 0.6909722222222222 0.06015625 0.034722222222222224
2 0.687109375 0.8076388888888889 0.17421875 0.16527777777777777
2 0.650390625 0.7208333333333333 0.08359375000000001 0.10277777777777779
2 0.71796875 0.7041666666666667 0.0625 0.06666666666666667
2 0.9265625000000001 0.9395833333333333 0.06406250000000001 0.11805555555555557
2 0.8054687500000001 0.7652777777777778 0.09062500000000001 0.14166666666666666
2 0.9382812500000001 0.7708333333333334 0.09375 0.14166666666666666
2 0.887890625 0.8284722222222223 0.17734375000000002 0.17083333333333334
