0 0.135546875 0.9013888888888889 0.14140625 0.19166666666666668
0 0.606640625 0.8972222222222223 0.12265625000000001 0.2
0 0.28945312500000003 0.7472222222222222 0.10234375000000001 0.11666666666666667
0 0.5242187500000001 0.6930555555555555 0.0765625 0.04722222222222222
0 0.84375 0.9118055555555555 0.18906250000000002 0.1736111111111111
0 0.046875 0.7097222222222223 0.09375 0.07777777777777778
2 0.234375 0.71875 0.09375 0.09583333333333334
2 0.144921875 0.6916666666666667 0.08828125 0.03333333333333333
0 0.7296875 0.7659722222222223 0.14375000000000002 0.14027777777777778
0 0.9234375 0.75625 0.125 0.14305555555555557
2 0.9847656250000001 0.7354166666666667 0.02890625 0.0763888888888889
2 0.95859375 0.6854166666666667 0.06406250000000001 0.034722222222222224
