0 0.5007812500000001 0.3104166666666667 0.1375 0.19861111111111113
0 0.3171875 0.53125 0.11875000000000001 0.20694444444444446
0 0.0484375 0.2986111111111111 0.096875 0.24166666666666667
2 0.33632812500000003 0.08263888888888889 0.10234375000000001 0.16527777777777777
2 0.6375000000000001 0.07569444444444445 0.109375 0.1513888888888889
0 0.8050781250000001 0.23611111111111113 0.11484375000000001 0.2611111111111111
2 0.91015625 0.06458333333333334 0.11093750000000001 0.12916666666666668
2 0.9609375 0.26458333333333334 0.07500000000000001 0.23472222222222222
0 0.05625 0.6979166666666667 0.09531250000000001 0.16527777777777777
0 0.023046875 0.8069444444444445 0.04609375 0.18611111111111112
0 0.084375 0.8006944444444445 0.0765625 0.1875
0 0.06640625 0.9263888888888889 0.1328125 0.14166666666666666
0 0.20390625 0.8916666666666667 0.14375000000000002 0.17500000000000002
0 0.41250000000000003 0.8409722222222222 0.1421875 0.19305555555555556
0 0.23750000000000002 0.7840277777777778 0.1125 0.14027777777777778
0 0.244140625 0.6645833333333333 0.05859375 0.10694444444444445
0 0.684765625 0.6194444444444445 0.09296875 0.23611111111111113
0 0.563671875 0.7340277777777778 0.11328125 0.15694444444444444
2 0.6484375 0.9388888888888889 0.084375 0.11666666666666667
0 0.763671875 0.89375 0.11328125 0.20694444444444446
0 0.8765625 0.7041666666666667 0.1125 0.14444444444444446
0 0.851171875 0.49236111111111114 0.13046875 0.24583333333333335
0 0.5593750000000001 0.6541666666666667 0.059375000000000004 0.09722222222222222
0 0.628125 0.7284722222222223 0.0859375 0.15694444444444444
0 0.221484375 0.74375 0.13203125000000002 0.10694444444444445
2 0.770703125 0.6305555555555555 0.09296875 0.05
2 0.909375 0.6326388888888889 0.0703125 0.051388888888888894
