0 0.6648437500000001 0.7986111111111112 0.14375000000000002 0.18611111111111112
0 0.471484375 0.8034722222222223 0.14453125 0.1902777777777778
0 0.28945312500000003 0.23750000000000002 0.13359375 0.27222222222222225
2 0.14140625 0.6493055555555556 0.13125 0.2513888888888889
2 0.023828125000000002 0.7854166666666667 0.047656250000000004 0.15416666666666667
2 0.68125 0.6055555555555556 0.09062500000000001 0.2777777777777778
0 0.7152343750000001 0.945138888888889 0.14140625 0.10694444444444445
2 0.887890625 0.9319444444444445 0.10390625 0.13333333333333333
0 0.7660156250000001 0.6944444444444444 0.09609375 0.05277777777777778
2 0.203125 0.8326388888888889 0.1703125 0.3125
