0 0.51328125 0.7166666666666667 0.09531250000000001 0.10555555555555556
0 0.24335937500000002 0.8284722222222223 0.14609375 0.2625
0 0.1171875 0.7340277777777778 0.084375 0.12361111111111112
0 0.19062500000000002 0.71875 0.0765625 0.09305555555555556
0 0.19296875000000002 0.56875 0.140625 0.26805555555555555
0 0.39687500000000003 0.2923611111111111 0.09843750000000001 0.24861111111111112
0 0.5750000000000001 0.8680555555555556 0.1171875 0.2111111111111111
0 0.8601562500000001 0.7993055555555556 0.1703125 0.2513888888888889
0 0.669921875 0.7104166666666667 0.11171875 0.07916666666666666
2 0.76875 0.6805555555555556 0.05625 0.022222222222222223
