0 0.10546875 0.7944444444444445 0.10625000000000001 0.15555555555555556
0 0.049218750000000006 0.6798611111111111 0.09843750000000001 0.2263888888888889
0 0.283203125 0.7173611111111111 0.09765625 0.10694444444444445
0 0.331640625 0.7805555555555556 0.09921875000000001 0.2
0 0.49296875 0.7868055555555555 0.11093750000000001 0.19305555555555556
0 0.896484375 0.7083333333333334 0.07421875 0.07222222222222223
2 0.113671875 0.9048611111111111 0.12109375 0.1875
0 0.40546875000000004 0.7236111111111111 0.07968750000000001 0.08888888888888889
2 0.48554687500000004 0.7131944444444445 0.05234375 0.07361111111111111
0 0.5453125 0.7145833333333333 0.0734375 0.07916666666666666
2 0.7679687500000001 0.8854166666666667 0.140625 0.2152777777777778
2 0.730078125 0.7027777777777778 0.05859375 0.05555555555555556
