1 0.915234375 0.8819444444444445 0.16796875 0.21944444444444444
0 0.041015625 0.8597222222222223 0.08203125 0.10555555555555556
2 0.0234375 0.7458333333333333 0.046875 0.13333333333333333
0 0.117578125 0.8604166666666667 0.12578125 0.2263888888888889
0 0.18515625000000002 0.7270833333333334 0.06406250000000001 0.09305555555555556
0 0.240234375 0.7770833333333333 0.08671875000000001 0.16527777777777777
0 0.316015625 0.7715277777777778 0.08046875 0.16527777777777777
2 0.39921875 0.7027777777777778 0.0765625 0.05277777777777778
2 0.5710937500000001 0.6881944444444444 0.0578125 0.02361111111111111
0 0.8234375 0.7958333333333334 0.1625 0.16111111111111112
2 0.915625 0.7069444444444445 0.109375 0.07222222222222223
2 0.9753906250000001 0.732638888888889 0.047656250000000004 0.1125
