0 0.105859375 0.7409722222222223 0.13828125 0.11527777777777778
0 0.2578125 0.7534722222222222 0.1171875 0.1486111111111111
0 0.41640625000000003 0.7361111111111112 0.109375 0.13055555555555556
0 0.023046875 0.5861111111111111 0.04609375 0.23333333333333334
0 0.1765625 0.37083333333333335 0.178125 0.2833333333333333
0 0.32890625 0.6013888888888889 0.1484375 0.23333333333333334
0 0.38359375 0.28958333333333336 0.0890625 0.25416666666666665
0 0.5769531250000001 0.701388888888889 0.05234375 0.058333333333333334
2 0.7375 0.757638888888889 0.0703125 0.13194444444444445
0 0.815625 0.7465277777777778 0.07500000000000001 0.13472222222222222
0 0.951171875 0.9069444444444444 0.09609375 0.17777777777777778
2 0.953125 0.6868055555555556 0.0765625 0.03194444444444445
2 0.7761718750000001 0.6909722222222222 0.04296875 0.034722222222222224
