0 0.944921875 0.7569444444444444 0.10546875 0.14166666666666666
2 0.529296875 0.7506944444444444 0.10703125000000001 0.1513888888888889
2 0.666015625 0.89375 0.14453125 0.20972222222222223
0 0.6394531250000001 0.6972222222222223 0.06484375 0.04166666666666667
0 0.64765625 0.7527777777777778 0.09062500000000001 0.15555555555555556
0 0.7742187500000001 0.70625 0.12187500000000001 0.06805555555555556
2 0.800390625 0.8118055555555556 0.08515625 0.1625
0 0.9171875 0.8763888888888889 0.1453125 0.24444444444444446
2 0.9285156250000001 0.7006944444444445 0.10859375 0.059722222222222225
2 0.876171875 0.30347222222222225 0.24609375 0.576388888888889
