2 0.050390625 0.8993055555555556 0.10078125 0.19583333333333333
0 0.061328125000000004 0.6402777777777778 0.07890625000000001 0.06944444444444445
0 0.13007812500000002 0.64375 0.057031250000000006 0.07361111111111111
0 0.256640625 0.51875 0.09921875000000001 0.22361111111111112
0 0.201171875 0.7555555555555555 0.10078125 0.18333333333333335
0 0.283203125 0.6951388888888889 0.07890625000000001 0.1513888888888889
0 0.34453125 0.7444444444444445 0.1296875 0.17222222222222222
0 0.353125 0.06180555555555556 0.1046875 0.12361111111111112
0 0.451953125 0.6756944444444445 0.10390625 0.1375
0 0.503515625 0.7715277777777778 0.08359375000000001 0.22083333333333335
0 0.6292968750000001 0.5652777777777778 0.09609375 0.23055555555555557
0 0.7546875000000001 0.2625 0.1015625 0.24444444444444446
0 0.8695312500000001 0.2590277777777778 0.1390625 0.1875
0 0.8914062500000001 0.40347222222222223 0.14375000000000002 0.2263888888888889
0 0.6917968750000001 0.6541666666666667 0.07109375 0.09444444444444444
2 0.759765625 0.6743055555555556 0.07734375 0.10694444444444445
2 0.804296875 0.945138888888889 0.08203125 0.10416666666666667
2 0.865234375 0.8743055555555556 0.08984375 0.22916666666666669
0 0.366796875 0.6604166666666667 0.05859375 0.10694444444444445
2 0.880859375 0.6145833333333334 0.10234375000000001 0.12083333333333333
0 0.83515625 0.7375 0.11406250000000001 0.16666666666666669
2 0.9304687500000001 0.7958333333333334 0.0703125 0.13611111111111113
0 0.9769531250000001 0.7430555555555556 0.04453125 0.09166666666666667
2 0.9234375 0.6986111111111112 0.0671875 0.08611111111111111
2 0.955078125 0.675 0.08828125 0.06666666666666667
