0 0.34765625 0.9097222222222222 0.11093750000000001 0.17500000000000002
0 0.037500000000000006 0.8222222222222223 0.07500000000000001 0.2611111111111111
0 0.56953125 0.6027777777777777 0.12187500000000001 0.15555555555555556
0 0.88203125 0.9215277777777778 0.07968750000000001 0.1513888888888889
0 0.338671875 0.3611111111111111 0.09765625 0.23611111111111113
0 0.416796875 0.4083333333333333 0.07734375 0.23333333333333334
0 0.794921875 0.6687500000000001 0.15234375 0.15416666666666667
0 0.45039062500000004 0.5305555555555556 0.07734375 0.21666666666666667
0 0.57734375 0.46111111111111114 0.11093750000000001 0.16944444444444445
0 0.5 0.5055555555555555 0.06406250000000001 0.18888888888888888
0 0.41054687500000003 0.7375 0.10859375 0.17222222222222222
0 0.6546875000000001 0.9277777777777778 0.1609375 0.1388888888888889
