0 0.27773437500000003 0.7909722222222223 0.07421875 0.16527777777777777
0 0.144140625 0.7833333333333333 0.09140625000000001 0.21666666666666667
0 0.20664062500000002 0.7777777777777778 0.06171875 0.10833333333333334
0 0.21640625000000002 0.7097222222222223 0.078125 0.08055555555555556
0 0.037890625000000004 0.7312500000000001 0.07578125000000001 0.11527777777777778
2 0.37929687500000003 0.7763888888888889 0.16484375 0.13333333333333333
0 0.6351562500000001 0.8972222222222223 0.1296875 0.20277777777777778
2 0.650390625 0.7291666666666667 0.14296875 0.11388888888888889
0 0.904296875 0.90625 0.15703125 0.18472222222222223
0 0.8640625000000001 0.8104166666666667 0.13593750000000002 0.1902777777777778
0 0.9460937500000001 0.6944444444444444 0.0859375 0.05277777777777778
2 0.872265625 0.69375 0.09609375 0.05694444444444444
