0 0.8207031250000001 0.763888888888889 0.12109375 0.14166666666666666
0 0.67578125 0.7444444444444445 0.1328125 0.13055555555555556
2 0.09648437500000001 0.6895833333333333 0.06640625 0.04027777777777778
0 0.3921875 0.9083333333333333 0.134375 0.18055555555555555
2 0.468359375 0.8986111111111111 0.10859375 0.2
2 0.43476562500000004 0.6881944444444444 0.07265625 0.051388888888888894
2 0.508984375 0.732638888888889 0.10234375000000001 0.1375
2 0.62109375 0.7256944444444444 0.1 0.11805555555555557
0 0.8753906250000001 0.6854166666666667 0.10703125000000001 0.04861111111111111
2 0.962109375 0.8243055555555556 0.07421875 0.1902777777777778
2 0.95234375 0.7111111111111111 0.0703125 0.09444444444444444
