0 0.09921875000000001 0.8333333333333334 0.15625 0.17500000000000002
0 0.74921875 0.8326388888888889 0.11406250000000001 0.23194444444444445
0 0.30195312500000004 0.6951388888888889 0.06640625 0.1375
0 0.304296875 0.5541666666666667 0.09609375 0.20277777777777778
0 0.041796875000000004 0.7201388888888889 0.08359375000000001 0.13194444444444445
0 0.16640625 0.6326388888888889 0.046875 0.04583333333333334
0 0.3796875 0.7305555555555556 0.11406250000000001 0.18055555555555555
0 0.43867187500000004 0.7493055555555556 0.11328125 0.1763888888888889
0 0.519921875 0.7006944444444445 0.07265625 0.13194444444444445
0 0.6082031250000001 0.8395833333333333 0.14921875 0.15416666666666667
0 0.625 0.9576388888888889 0.134375 0.07916666666666666
2 0.773046875 0.6805555555555556 0.11640625 0.2111111111111111
0 0.823828125 0.7680555555555556 0.09453125000000001 0.16666666666666669
0 0.6566406250000001 0.7263888888888889 0.11015625000000001 0.12222222222222223
2 0.6359375 0.6465277777777778 0.0671875 0.07916666666666666
2 0.91796875 0.6305555555555555 0.1609375 0.23055555555555557
0 0.9476562500000001 0.7458333333333333 0.1015625 0.16666666666666669
2 0.70703125 0.6409722222222223 0.053125000000000006 0.0625
