0 0.084375 0.9020833333333333 0.11406250000000001 0.1902777777777778
0 0.032031250000000004 0.8006944444444445 0.06406250000000001 0.11805555555555557
0 0.8308593750000001 0.670138888888889 0.12578125 0.2013888888888889
0 0.7371093750000001 0.29791666666666666 0.14296875 0.1875
0 0.8875000000000001 0.8451388888888889 0.134375 0.17083333333333334
2 0.18046875 0.701388888888889 0.07187500000000001 0.14166666666666666
0 0.470703125 0.4131944444444445 0.15078125 0.20694444444444446
0 0.58203125 0.30347222222222225 0.12187500000000001 0.24583333333333335
2 0.7800781250000001 0.4625 0.13828125 0.20833333333333334
2 0.512109375 0.7041666666666667 0.05078125 0.06666666666666667
2 0.5613281250000001 0.6861111111111111 0.07265625 0.030555555555555558
2 0.4765625 0.8291666666666667 0.2390625 0.23611111111111113
2 0.6980468750000001 0.7111111111111111 0.09453125000000001 0.075
2 0.92734375 0.7236111111111111 0.09062500000000001 0.11666666666666667
2 0.76484375 0.7083333333333334 0.0671875 0.07777777777777778
