0 0.5632812500000001 0.6770833333333334 0.05625 0.12361111111111112
0 0.40078125000000003 0.38472222222222224 0.1875 0.25277777777777777
0 0.43046875 0.10694444444444445 0.15625 0.19444444444444445
2 0.03359375 0.6166666666666667 0.0671875 0.2388888888888889
2 0.327734375 0.8173611111111111 0.10546875 0.2513888888888889
0 0.6234375000000001 0.6361111111111112 0.0859375 0.05555555555555556
0 0.778515625 0.7604166666666667 0.12265625000000001 0.16805555555555557
0 0.921875 0.7125 0.153125 0.1638888888888889
0 0.958984375 0.6631944444444444 0.07890625000000001 0.10694444444444445
2 0.9632812500000001 0.2465277777777778 0.0703125 0.20694444444444446
