0 0.72265625 0.7881944444444444 0.07968750000000001 0.2013888888888889
0 0.2703125 0.7743055555555556 0.14375000000000002 0.11805555555555557
0 0.22031250000000002 0.7229166666666667 0.08125 0.10972222222222222
0 0.650390625 0.5118055555555556 0.16015625 0.2513888888888889
2 0.669921875 0.7069444444444445 0.08203125 0.08333333333333334
2 0.6902343750000001 0.9388888888888889 0.12109375 0.11944444444444445
2 0.8054687500000001 0.8166666666666667 0.1046875 0.17222222222222222
2 0.77265625 0.6965277777777779 0.07187500000000001 0.0625
0 0.85546875 0.65625 0.12812500000000002 0.2152777777777778
0 0.9375 0.7381944444444445 0.1234375 0.24027777777777778
2 0.796484375 0.6763888888888889 0.04609375 0.022222222222222223
2 0.972265625 0.8791666666666667 0.05390625 0.08611111111111111
2 0.8953125000000001 0.7472222222222222 0.037500000000000006 0.036111111111111115
