1 0.177734375 0.5625 0.15546875000000002 0.3
0 0.69921875 0.5479166666666667 0.1484375 0.16527777777777777
0 0.8035156250000001 0.7215277777777778 0.08046875 0.14027777777777778
0 0.6953125 0.6527777777777778 0.07968750000000001 0.11666666666666667
2 0.345703125 0.4625 0.09765625 0.26944444444444443
2 0.9261718750000001 0.4166666666666667 0.13203125000000002 0.19166666666666668
2 0.9050781250000001 0.7694444444444445 0.13515625 0.19166666666666668
2 0.9015625 0.6666666666666667 0.0671875 0.11111111111111112
0 0.401953125 0.625 0.03828125 0.03333333333333333
0 0.9496093750000001 0.6347222222222223 0.05234375 0.03888888888888889
2 0.978125 0.6590277777777778 0.0421875 0.15416666666666667
