0 0.154296875 0.26666666666666666 0.11484375000000001 0.24444444444444446
0 0.0671875 0.7958333333333334 0.11093750000000001 0.19722222222222224
2 0.228515625 0.6451388888888889 0.07578125000000001 0.07916666666666666
0 0.6101562500000001 0.882638888888889 0.1125 0.22916666666666669
2 0.8148437500000001 0.920138888888889 0.1453125 0.15416666666666667
2 0.519140625 0.6333333333333333 0.06640625 0.061111111111111116
2 0.6058593750000001 0.6236111111111111 0.06640625 0.030555555555555558
2 0.7464843750000001 0.6520833333333333 0.07890625000000001 0.08472222222222223
2 0.782421875 0.7715277777777778 0.10234375000000001 0.1902777777777778
2 0.8367187500000001 0.68125 0.08750000000000001 0.12083333333333333
2 0.844921875 0.5270833333333333 0.12734375 0.20694444444444446
0 0.44375000000000003 0.6361111111111112 0.0671875 0.0638888888888889
2 0.8992187500000001 0.6763888888888889 0.0671875 0.12222222222222223
2 0.94921875 0.6625 0.0734375 0.10833333333333334
2 0.9484375 0.16597222222222222 0.1015625 0.33194444444444443
