0 0.083203125 0.7409722222222223 0.12578125 0.10972222222222222
0 0.32578125 0.7979166666666667 0.10312500000000001 0.1902777777777778
0 0.441015625 0.8458333333333333 0.10859375 0.18611111111111112
0 0.5632812500000001 0.9145833333333334 0.11093750000000001 0.16805555555555557
0 0.50703125 0.7131944444444445 0.051562500000000004 0.07916666666666666
0 0.44140625 0.7201388888888889 0.060937500000000006 0.08750000000000001
0 0.619140625 0.6506944444444445 0.10234375000000001 0.2013888888888889
0 0.8093750000000001 0.6513888888888889 0.20468750000000002 0.2777777777777778
0 0.923046875 0.7173611111111111 0.11015625000000001 0.1875
1 0.964453125 0.8666666666666667 0.06953125 0.13055555555555556
0 0.9226562500000001 0.9152777777777779 0.115625 0.16666666666666669
0 0.8375 0.8930555555555556 0.11875000000000001 0.20555555555555557
0 0.741796875 0.8923611111111112 0.11796875000000001 0.2125
