0 0.11015625000000001 0.34375 0.16718750000000002 0.1902777777777778
0 0.121484375 0.7618055555555556 0.09140625000000001 0.1513888888888889
0 0.19843750000000002 0.7354166666666667 0.07968750000000001 0.10972222222222222
0 0.46914062500000003 0.28125 0.12578125 0.2513888888888889
0 0.587109375 0.2520833333333333 0.13828125 0.17916666666666667
0 0.63046875 0.40347222222222223 0.13125 0.2569444444444445
0 0.6140625000000001 0.6111111111111112 0.16718750000000002 0.25277777777777777
0 0.8140625 0.33819444444444446 0.115625 0.2513888888888889
0 0.9207031250000001 0.27222222222222225 0.15703125 0.15833333333333333
0 0.9671875000000001 0.35694444444444445 0.06406250000000001 0.17222222222222222
2 0.9128906250000001 0.7763888888888889 0.17265625 0.225
1 0.7347656250000001 0.6902777777777778 0.15078125 0.2138888888888889
0 0.6707031250000001 0.9625 0.07109375 0.07222222222222223
