2 0.22031250000000002 0.33611111111111114 0.1375 0.15833333333333333
0 0.057031250000000006 0.4027777777777778 0.11406250000000001 0.2972222222222222
2 0.182421875 0.027083333333333334 0.07265625 0.05416666666666667
2 0.823828125 0.05694444444444444 0.13046875 0.11388888888888889
0 0.51328125 0.26805555555555555 0.096875 0.26944444444444443
0 0.48281250000000003 0.6451388888888889 0.09843750000000001 0.2625
0 0.570703125 0.50625 0.13046875 0.22361111111111112
0 0.13359375 0.5736111111111112 0.1453125 0.2111111111111111
0 0.056640625 0.8243055555555556 0.11328125 0.1902777777777778
0 0.1296875 0.7340277777777778 0.08125 0.10138888888888889
0 0.278515625 0.5069444444444444 0.12734375 0.23055555555555557
0 0.055078125000000006 0.6430555555555556 0.11015625000000001 0.20555555555555557
0 0.359375 0.325 0.15000000000000002 0.21666666666666667
0 0.30234375 0.7118055555555556 0.125 0.06527777777777778
1 0.40546875000000004 0.7298611111111112 0.1328125 0.10416666666666667
2 0.8304687500000001 0.5291666666666667 0.096875 0.23611111111111113
0 0.898046875 0.42430555555555555 0.09453125000000001 0.25972222222222224
0 0.806640625 0.7180555555555556 0.09296875 0.09722222222222222
0 0.665234375 0.7111111111111111 0.09296875 0.06944444444444445
0 0.6828125 0.7881944444444444 0.11875000000000001 0.10972222222222222
0 0.9285156250000001 0.6916666666666667 0.03359375 0.03888888888888889
2 0.97265625 0.7048611111111112 0.053125000000000006 0.059722222222222225
0 0.9390625 0.9006944444444445 0.1203125 0.19305555555555556
0 0.626171875 0.9694444444444444 0.12734375 0.058333333333333334
2 0.749609375 0.6909722222222222 0.05078125 0.034722222222222224
0 0.9597656250000001 0.41458333333333336 0.07890625000000001 0.3013888888888889
0 0.9675781250000001 0.17291666666666666 0.06328125 0.1486111111111111
0 0.7644531250000001 0.8555555555555556 0.12109375 0.19444444444444445
0 0.7375 0.9208333333333334 0.1328125 0.15555555555555556
2 0.7156250000000001 0.9597222222222223 0.051562500000000004 0.07777777777777778
