0 0.878125 0.85 0.09843750000000001 0.14722222222222223
0 0.8367187500000001 0.9069444444444444 0.1375 0.15555555555555556
0 0.7289062500000001 0.9215277777777778 0.15781250000000002 0.15416666666666667
0 0.570703125 0.9263888888888889 0.14453125 0.14444444444444446
0 0.17734375000000002 0.9125000000000001 0.16562500000000002 0.17222222222222222
0 0.4578125 0.9104166666666667 0.09062500000000001 0.1763888888888889
2 0.6566406250000001 0.8104166666666667 0.06015625 0.0625
2 0.42226562500000003 0.8159722222222222 0.07734375 0.051388888888888894
1 0.37421875000000004 0.9041666666666667 0.1 0.18888888888888888
2 0.0234375 0.8173611111111111 0.046875 0.04583333333333334
