0 0.8656250000000001 0.6270833333333333 0.134375 0.34305555555555556
0 0.7269531250000001 0.51875 0.13671875 0.3263888888888889
1 0.8859375 0.9076388888888889 0.14375000000000002 0.18194444444444446
1 0.736328125 0.8256944444444445 0.11484375000000001 0.12638888888888888
0 0.6796875 0.9069444444444444 0.09843750000000001 0.18333333333333335
0 0.5984375000000001 0.8402777777777778 0.0703125 0.1277777777777778
0 0.5320312500000001 0.8159722222222222 0.060937500000000006 0.0763888888888889
0 0.44843750000000004 0.8458333333333333 0.09062500000000001 0.13611111111111113
2 0.36875 0.8034722222222223 0.08281250000000001 0.0375
1 0.190234375 0.8118055555555556 0.06953125 0.043055555555555555
1 0.01953125 0.8166666666666667 0.0390625 0.16944444444444445
0 0.28046875 0.8916666666666667 0.09531250000000001 0.15
0 0.36835937500000004 0.9486111111111112 0.08203125 0.1
2 0.234375 0.9611111111111111 0.10312500000000001 0.075
2 0.288671875 0.8013888888888889 0.057031250000000006 0.03888888888888889
0 0.7796875000000001 0.9326388888888889 0.10312500000000001 0.13194444444444445
1 0.6449218750000001 0.7861111111111111 0.03671875 0.02777777777777778
