0 0.205859375 0.8027777777777778 0.22109375 0.22222222222222224
1 0.567578125 0.7409722222222223 0.08515625 0.11805555555555557
0 0.80625 0.7048611111111112 0.1453125 0.2125
0 0.929296875 0.7368055555555556 0.13984375000000002 0.19305555555555556
2 0.983984375 0.6604166666666667 0.030468750000000003 0.09027777777777778
2 0.653515625 0.7166666666666667 0.06171875 0.06944444444444445
2 0.708984375 0.70625 0.05078125 0.05416666666666667
0 0.42812500000000003 0.7909722222222223 0.09375 0.14305555555555557
0 0.50390625 0.8013888888888889 0.1 0.16944444444444445
2 0.47578125000000004 0.9291666666666667 0.22187500000000002 0.1388888888888889
2 0.28515625 0.7006944444444445 0.046875 0.03194444444444445
