0 0.565625 0.3354166666666667 0.1203125 0.23750000000000002
0 0.44960937500000003 0.3138888888888889 0.14296875 0.2111111111111111
0 0.312109375 0.7194444444444444 0.10234375000000001 0.14722222222222223
0 0.2828125 0.8791666666666667 0.1296875 0.18611111111111112
0 0.17304687500000002 0.7937500000000001 0.07734375 0.15694444444444444
0 0.0625 0.7534722222222222 0.125 0.12638888888888888
0 0.40351562500000004 0.9465277777777779 0.14140625 0.10416666666666667
0 0.41132812500000004 0.7048611111111112 0.04609375 0.06805555555555556
0 0.494140625 0.8173611111111111 0.07890625000000001 0.15416666666666667
0 0.55390625 0.8166666666666667 0.065625 0.15833333333333333
0 0.6175781250000001 0.8368055555555556 0.07421875 0.17083333333333334
0 0.7019531250000001 0.7784722222222222 0.12421875 0.1513888888888889
0 0.7289062500000001 0.9159722222222223 0.1015625 0.16527777777777777
2 0.7273437500000001 0.7083333333333334 0.060937500000000006 0.061111111111111116
0 0.798046875 0.7201388888888889 0.05390625 0.06805555555555556
2 0.89609375 0.8520833333333334 0.09843750000000001 0.22361111111111112
2 0.9773437500000001 0.8326388888888889 0.043750000000000004 0.12916666666666668
1 0.946875 0.7173611111111111 0.0859375 0.0763888888888889
2 0.8636718750000001 0.7125 0.06171875 0.061111111111111116
2 0.544140625 0.7000000000000001 0.03515625 0.04722222222222222
