0 0.942578125 0.41805555555555557 0.11328125 0.18888888888888888
0 0.80078125 0.8284722222222223 0.08750000000000001 0.22083333333333335
0 0.63828125 0.6284722222222222 0.065625 0.19305555555555556
0 0.564453125 0.5347222222222222 0.09296875 0.1527777777777778
1 0.465625 0.46944444444444444 0.08750000000000001 0.1277777777777778
0 0.044921875 0.4118055555555556 0.08984375 0.14583333333333334
0 0.022265625 0.5569444444444445 0.04296875 0.17777777777777778
0 0.33437500000000003 0.4138888888888889 0.0765625 0.11944444444444445
0 0.3046875 0.5027777777777778 0.08125 0.14444444444444446
2 0.98203125 0.6736111111111112 0.034375 0.09444444444444444
