0 0.661328125 0.8534722222222223 0.09609375 0.14305555555555557
0 0.884375 0.8270833333333334 0.07500000000000001 0.09583333333333334
2 0.9656250000000001 0.8430555555555556 0.0671875 0.14444444444444446
0 0.7425781250000001 0.8250000000000001 0.11328125 0.08055555555555556
0 0.574609375 0.826388888888889 0.11015625000000001 0.08333333333333334
0 0.42421875000000003 0.8173611111111111 0.12187500000000001 0.07916666666666666
0 0.330078125 0.8388888888888889 0.07265625 0.10555555555555556
0 0.041015625 0.888888888888889 0.08203125 0.1638888888888889
0 0.13515625 0.8388888888888889 0.0890625 0.08611111111111111
1 0.23828125 0.8583333333333334 0.1 0.12222222222222223
