0 0.028515625000000003 0.9611111111111111 0.057031250000000006 0.075
0 0.14453125 0.9673611111111111 0.178125 0.0625
0 0.14296875 0.9645833333333333 0.178125 0.0625
0 0.369921875 0.8256944444444445 0.15234375 0.08194444444444444
0 0.5554687500000001 0.8152777777777778 0.09843750000000001 0.075
0 0.748046875 0.8444444444444444 0.11171875 0.12222222222222223
0 0.9484375 0.8548611111111112 0.1015625 0.15416666666666667
0 0.8289062500000001 0.9472222222222223 0.16718750000000002 0.10277777777777779
0 0.866796875 0.8256944444444445 0.08828125 0.09583333333333334
1 0.6484375 0.84375 0.09062500000000001 0.12361111111111112
