0 0.335546875 0.7534722222222222 0.08671875000000001 0.14027777777777778
0 0.22734375 0.8048611111111111 0.08281250000000001 0.1513888888888889
0 0.14140625 0.7944444444444445 0.09062500000000001 0.15833333333333333
0 0.46328125000000003 0.7166666666666667 0.06406250000000001 0.06944444444444445
0 0.582421875 0.78125 0.09921875000000001 0.14305555555555557
0 0.7117187500000001 0.8486111111111111 0.11093750000000001 0.19166666666666668
0 0.9593750000000001 0.7625000000000001 0.07968750000000001 0.1388888888888889
0 0.8558593750000001 0.7090277777777778 0.11328125 0.07361111111111111
0 0.73984375 0.7118055555555556 0.078125 0.06805555555555556
0 0.572265625 0.7041666666666667 0.13359375 0.04722222222222222
1 0.970703125 0.9305555555555556 0.057031250000000006 0.13611111111111113
0 0.837890625 0.8131944444444444 0.11640625 0.12638888888888888
0 0.7578125 0.8020833333333334 0.0859375 0.12361111111111112
0 0.11015625000000001 0.7472222222222222 0.046875 0.061111111111111116
