0 0.929296875 0.7923611111111112 0.13046875 0.034722222222222224
0 0.812109375 0.85 0.11796875000000001 0.13611111111111113
2 0.8578125000000001 0.8020833333333334 0.0484375 0.04583333333333334
0 0.702734375 0.9173611111111112 0.10078125 0.1625
0 0.6351562500000001 0.9333333333333333 0.060937500000000006 0.13055555555555556
0 0.499609375 0.9347222222222222 0.13515625 0.1277777777777778
0 0.43476562500000004 0.8840277777777779 0.09921875000000001 0.1902777777777778
0 0.38398437500000004 0.8458333333333333 0.05390625 0.11666666666666667
0 0.32656250000000003 0.8861111111111112 0.078125 0.13055555555555556
0 0.291015625 0.9520833333333334 0.14453125 0.09305555555555556
0 0.20625000000000002 0.90625 0.125 0.12916666666666668
0 0.135546875 0.8416666666666667 0.06171875 0.08055555555555556
0 0.031640625 0.8854166666666667 0.06328125 0.1125
2 0.030078125 0.9638888888888889 0.06015625 0.06944444444444445
0 0.136328125 0.9229166666666667 0.11328125 0.14027777777777778
2 0.258984375 0.8194444444444445 0.10859375 0.044444444444444446
1 0.5875 0.8347222222222223 0.12812500000000002 0.11111111111111112
