0 0.08203125 0.8354166666666667 0.1296875 0.1763888888888889
0 0.030468750000000003 0.7520833333333333 0.060937500000000006 0.12638888888888888
0 0.203125 0.8423611111111111 0.09843750000000001 0.1763888888888889
0 0.22187500000000002 0.7312500000000001 0.07187500000000001 0.06805555555555556
2 0.369921875 0.7125 0.05859375 0.05277777777777778
0 0.384765625 0.7777777777777778 0.09140625000000001 0.1388888888888889
0 0.5613281250000001 0.9118055555555555 0.13046875 0.1736111111111111
0 0.6734375 0.8777777777777778 0.12187500000000001 0.19166666666666668
0 0.52578125 0.7756944444444445 0.109375 0.15972222222222224
0 0.6843750000000001 0.7097222222222223 0.125 0.0638888888888889
0 0.269140625 0.9076388888888889 0.09609375 0.18194444444444446
0 0.40234375 0.8618055555555556 0.134375 0.14583333333333334
0 0.40273437500000003 0.9569444444444445 0.14921875 0.08333333333333334
0 0.9671875000000001 0.8631944444444445 0.06406250000000001 0.20972222222222223
1 0.8546875 0.7694444444444445 0.140625 0.17777777777777778
2 0.9375 0.7125 0.08125 0.061111111111111116
1 0.9730468750000001 0.7486111111111111 0.05234375 0.08333333333333334
2 0.77265625 0.69375 0.043750000000000004 0.029166666666666667
2 0.08554687500000001 0.7166666666666667 0.06953125 0.04166666666666667
