0 0.93125 0.4534722222222222 0.13593750000000002 0.2125
1 0.36367187500000003 0.8361111111111111 0.11328125 0.14722222222222223
0 0.478515625 0.9215277777777778 0.17265625 0.13194444444444445
0 0.49609375 0.9770833333333334 0.078125 0.043055555555555555
0 0.31953125000000004 0.9534722222222223 0.15156250000000002 0.09027777777777778
0 0.874609375 0.83125 0.09140625000000001 0.10694444444444445
0 0.7855468750000001 0.8395833333333333 0.08359375000000001 0.11805555555555557
0 0.673046875 0.8111111111111111 0.13671875 0.0638888888888889
0 0.640625 0.8902777777777778 0.11406250000000001 0.14722222222222223
0 0.48476562500000003 0.8111111111111111 0.06796875000000001 0.07222222222222223
0 0.9390625 0.8111111111111111 0.05625 0.06666666666666667
2 0.981640625 0.7944444444444445 0.02890625 0.04722222222222222
2 0.98984375 0.9118055555555555 0.018750000000000003 0.08750000000000001
