0 0.126953125 0.4590277777777778 0.14921875 0.26805555555555555
0 0.9691406250000001 0.7569444444444444 0.06015625 0.16666666666666669
0 0.8441406250000001 0.7104166666666667 0.09765625 0.11805555555555557
0 0.7601562500000001 0.7819444444444444 0.13593750000000002 0.13333333333333333
0 0.755859375 0.7000000000000001 0.07421875 0.044444444444444446
0 0.6820312500000001 0.7194444444444444 0.05 0.07222222222222223
0 0.6265625 0.7409722222222223 0.060937500000000006 0.10416666666666667
0 0.57734375 0.7159722222222222 0.0390625 0.05416666666666667
0 0.51796875 0.75 0.0890625 0.11944444444444445
0 0.415625 0.7215277777777778 0.07187500000000001 0.08194444444444444
0 0.42421875000000003 0.81875 0.109375 0.12361111111111112
0 0.330078125 0.7805555555555556 0.11640625 0.14166666666666666
0 0.2609375 0.8840277777777779 0.1125 0.20416666666666666
0 0.16015625 0.7611111111111112 0.065625 0.13611111111111113
0 0.1546875 0.8979166666666667 0.11093750000000001 0.2013888888888889
0 0.056640625 0.7666666666666667 0.09609375 0.1388888888888889
0 0.050390625 0.9090277777777778 0.10078125 0.17916666666666667
1 0.91796875 0.7340277777777778 0.078125 0.1125
0 0.540234375 0.9708333333333333 0.07890625000000001 0.05555555555555556
