0 0.365234375 0.39583333333333337 0.10390625 0.26944444444444443
0 0.22734375 0.48055555555555557 0.115625 0.2888888888888889
1 0.18710937500000002 0.8083333333333333 0.10703125000000001 0.23333333333333334
0 0.44296875 0.7236111111111111 0.0671875 0.13055555555555556
1 0.60078125 0.7347222222222223 0.1234375 0.125
1 0.6953125 0.7298611111111112 0.07187500000000001 0.09861111111111112
0 0.792578125 0.7201388888888889 0.07265625 0.09027777777777778
0 0.791015625 0.8812500000000001 0.13203125000000002 0.18194444444444446
0 0.865234375 0.8361111111111111 0.09453125000000001 0.1638888888888889
0 0.946484375 0.8347222222222223 0.09921875000000001 0.21666666666666667
2 0.9632812500000001 0.7555555555555555 0.07187500000000001 0.125
2 0.92578125 0.9673611111111111 0.1171875 0.0625
