0 0.2625 0.10833333333333334 0.13125 0.21666666666666667
1 0.475390625 0.6298611111111111 0.11328125 0.27083333333333337
0 0.31015625 0.24027777777777778 0.140625 0.13333333333333333
1 0.10234375000000001 0.4166666666666667 0.10625000000000001 0.21944444444444444
0 0.169921875 0.5118055555555556 0.09453125000000001 0.26805555555555555
0 0.208984375 0.7111111111111111 0.05859375 0.14722222222222223
2 0.35195312500000003 0.7020833333333334 0.04296875 0.04861111111111111
2 0.420703125 0.725 0.05234375 0.08888888888888889
0 0.373046875 0.8298611111111112 0.09921875000000001 0.1763888888888889
0 0.596875 0.6687500000000001 0.096875 0.1736111111111111
0 0.63984375 0.9340277777777778 0.11406250000000001 0.12916666666666668
2 0.7054687500000001 0.8590277777777778 0.171875 0.26805555555555555
2 0.66171875 0.70625 0.0578125 0.05694444444444444
0 0.7578125 0.6659722222222223 0.12187500000000001 0.1763888888888889
2 0.7679687500000001 0.30486111111111114 0.0734375 0.15694444444444444
2 0.85078125 0.425 0.1046875 0.2
0 0.87421875 0.7465277777777778 0.0765625 0.09027777777777778
0 0.86640625 0.6868055555555556 0.0703125 0.034722222222222224
0 0.958203125 0.7534722222222222 0.06484375 0.09583333333333334
0 0.929296875 0.8729166666666667 0.13984375000000002 0.21805555555555556
2 0.98046875 0.6534722222222222 0.037500000000000006 0.18194444444444446
2 0.286328125 0.7222222222222222 0.049218750000000006 0.08055555555555556
