0 0.11210937500000001 0.8840277777777779 0.15546875000000002 0.22083333333333335
0 0.338671875 0.7354166666666667 0.16796875 0.23472222222222222
0 0.551171875 0.7979166666666667 0.09140625000000001 0.1736111111111111
2 0.5535156250000001 0.7055555555555556 0.05078125 0.058333333333333334
0 0.6328125 0.6444444444444445 0.11875000000000001 0.20833333333333334
0 0.6824218750000001 0.4277777777777778 0.11640625 0.23333333333333334
0 0.6648437500000001 0.28194444444444444 0.1296875 0.2
0 0.201953125 0.22777777777777777 0.11328125 0.2833333333333333
0 0.8660156250000001 0.78125 0.09921875000000001 0.1736111111111111
0 0.757421875 0.8479166666666667 0.13671875 0.14027777777777778
2 0.7078125000000001 0.7201388888888889 0.060937500000000006 0.09027777777777778
0 0.751953125 0.7277777777777779 0.04453125 0.10555555555555556
1 0.94296875 0.7145833333333333 0.1125 0.14583333333333334
1 0.9011718750000001 0.9791666666666667 0.09296875 0.03888888888888889
2 0.9851562500000001 0.9159722222222223 0.028125 0.12638888888888888
0 0.665234375 0.8812500000000001 0.12109375 0.22083333333333335
0 0.40664062500000003 0.17777777777777778 0.16953125000000002 0.25833333333333336
0 0.32070312500000003 0.1451388888888889 0.14296875 0.14305555555555557
0 0.26406250000000003 0.07986111111111112 0.09375 0.15972222222222224
0 0.36953125000000003 0.04930555555555556 0.146875 0.09861111111111112
