0 0.9441406250000001 0.820138888888889 0.08203125 0.10694444444444445
2 0.9886718750000001 0.8076388888888889 0.02109375 0.07916666666666666
0 0.7898437500000001 0.8152777777777778 0.096875 0.058333333333333334
0 0.6515625 0.8444444444444444 0.09843750000000001 0.13333333333333333
0 0.548046875 0.8972222222222223 0.08515625 0.20277777777777778
0 0.29335937500000003 0.8465277777777778 0.11171875 0.11527777777777778
0 0.205078125 0.9548611111111112 0.13515625 0.08750000000000001
0 0.191796875 0.8534722222222223 0.09609375 0.12638888888888888
0 0.115625 0.851388888888889 0.059375000000000004 0.11388888888888889
2 0.02734375 0.8277777777777778 0.0546875 0.06666666666666667
1 0.43867187500000004 0.7298611111111112 0.21640625000000002 0.32083333333333336
