0 0.063671875 0.8333333333333334 0.12734375 0.22777777777777777
0 0.13359375 0.7131944444444445 0.0671875 0.06527777777777778
2 0.17578125 0.7451388888888889 0.1078125 0.11805555555555557
0 0.22734375 0.9020833333333333 0.1765625 0.19305555555555556
1 0.46484375 0.8277777777777778 0.1609375 0.3416666666666667
0 0.5796875 0.8152777777777778 0.1125 0.20833333333333334
0 0.6039062500000001 0.7993055555555556 0.1296875 0.10694444444444445
0 0.773046875 0.8138888888888889 0.16328125000000002 0.1527777777777778
0 0.8851562500000001 0.7145833333333333 0.084375 0.11805555555555557
2 0.5066406250000001 0.6979166666666667 0.04609375 0.05416666666666667
2 0.42265625 0.7034722222222223 0.051562500000000004 0.05416666666666667
1 0.95703125 0.7111111111111111 0.084375 0.16111111111111112
