0 0.05234375 0.8805555555555555 0.1046875 0.18611111111111112
0 0.14921875 0.9263888888888889 0.1640625 0.14444444444444446
1 0.362109375 0.8652777777777778 0.11328125 0.1527777777777778
2 0.594921875 0.8034722222222223 0.055468750000000004 0.0625
0 0.7171875000000001 0.8152777777777778 0.084375 0.08055555555555556
0 0.7074218750000001 0.9243055555555556 0.10546875 0.1486111111111111
2 0.7933593750000001 0.945138888888889 0.08515625 0.10694444444444445
2 0.9500000000000001 0.9215277777777778 0.09843750000000001 0.15416666666666667
0 0.9089843750000001 0.8020833333333334 0.10078125 0.05416666666666667
2 0.978125 0.80625 0.0421875 0.08194444444444444
