1 0.675 0.7340277777777778 0.1015625 0.11805555555555557
0 0.884375 0.6534722222222222 0.17343750000000002 0.27361111111111114
0 0.546484375 0.7819444444444444 0.10703125000000001 0.13333333333333333
2 0.990234375 0.38333333333333336 0.017968750000000002 0.11666666666666667
2 0.982421875 0.9013888888888889 0.03359375 0.11388888888888889
0 0.23359375000000002 0.7527777777777778 0.084375 0.14166666666666666
0 0.10429687500000001 0.8256944444444445 0.11015625000000001 0.14027777777777778
0 0.09335937500000001 0.6972222222222223 0.08984375 0.11944444444444445
0 0.032421875 0.9284722222222223 0.06484375 0.1375
2 0.027734375000000002 0.7152777777777778 0.055468750000000004 0.08611111111111111
2 0.49648437500000003 0.6868055555555556 0.039843750000000004 0.02361111111111111
