2 0.115625 0.10486111111111111 0.13593750000000002 0.20694444444444446
0 0.075390625 0.9083333333333333 0.15078125 0.17500000000000002
0 0.4078125 0.8402777777777778 0.0890625 0.10277777777777779
0 0.5375 0.8673611111111111 0.134375 0.1513888888888889
0 0.7093750000000001 0.8368055555555556 0.115625 0.12916666666666668
0 0.7820312500000001 0.820138888888889 0.08281250000000001 0.08194444444444444
0 0.9656250000000001 0.8027777777777778 0.0671875 0.075
1 0.8968750000000001 0.8868055555555556 0.15625 0.1763888888888889
2 0.933203125 0.9798611111111112 0.12734375 0.0375
2 0.84921875 0.7909722222222223 0.051562500000000004 0.034722222222222224
