2 0.019140625 0.8284722222222223 0.03828125 0.12638888888888888
0 0.357421875 0.7791666666666667 0.11328125 0.14444444444444446
0 0.470703125 0.9243055555555556 0.17890625000000002 0.1486111111111111
0 0.45859375 0.7569444444444444 0.096875 0.14444444444444446
0 0.937109375 0.5993055555555555 0.12421875 0.21805555555555556
1 0.966796875 0.7472222222222222 0.06484375 0.1277777777777778
1 0.72578125 0.8944444444444445 0.17500000000000002 0.20833333333333334
2 0.86484375 0.9395833333333333 0.10312500000000001 0.11805555555555557
0 0.927734375 0.8597222222222223 0.14296875 0.22222222222222224
0 0.827734375 0.7381944444444445 0.08359375000000001 0.12083333333333333
0 0.8992187500000001 0.7256944444444444 0.06406250000000001 0.09861111111111112
0 0.69140625 0.7305555555555556 0.06875 0.09444444444444444
0 0.6175781250000001 0.7597222222222223 0.06171875 0.15
2 0.571484375 0.7069444444444445 0.06796875000000001 0.04166666666666667
2 0.9636718750000001 0.9833333333333334 0.07109375 0.030555555555555558
