1 0.822265625 0.8638888888888889 0.12109375 0.18333333333333335
1 0.28984375 0.8229166666666667 0.15781250000000002 0.28750000000000003
1 0.125 0.913888888888889 0.15781250000000002 0.16944444444444445
1 0.828125 0.3611111111111111 0.140625 0.27222222222222225
0 0.470703125 0.8291666666666667 0.11953125 0.11666666666666667
2 0.927734375 0.7527777777777778 0.14296875 0.37777777777777777
0 0.051171875000000006 0.42291666666666666 0.10234375000000001 0.3013888888888889
2 0.150390625 0.5694444444444444 0.13046875 0.25277777777777777
0 0.16015625 0.3541666666666667 0.12187500000000001 0.20833333333333334
1 0.040625 0.83125 0.08125 0.09305555555555556
