0 0.9296875 0.8152777777777778 0.10625000000000001 0.07777777777777778
0 0.9671875000000001 0.9083333333333333 0.06406250000000001 0.10833333333333334
0 0.9109375000000001 0.951388888888889 0.1546875 0.09444444444444444
0 0.8265625000000001 0.8118055555555556 0.065625 0.051388888888888894
0 0.759765625 0.8652777777777778 0.07890625000000001 0.15555555555555556
0 0.608984375 0.8125 0.08203125 0.058333333333333334
0 0.434375 0.8881944444444445 0.0859375 0.22083333333333335
0 0.331640625 0.8777777777777778 0.11953125 0.16666666666666669
0 0.22226562500000002 0.8534722222222223 0.11484375000000001 0.10138888888888889
0 0.10390625 0.8930555555555556 0.1640625 0.18333333333333335
2 0.413671875 0.8333333333333334 0.03671875 0.09166666666666667
1 0.51328125 0.8881944444444445 0.08281250000000001 0.20694444444444446
