1 0.96640625 0.7993055555555556 0.065625 0.16805555555555557
1 0.800390625 0.81875 0.06171875 0.08472222222222223
1 0.87890625 0.8909722222222223 0.096875 0.17916666666666667
1 0.956640625 0.9145833333333334 0.08515625 0.16527777777777777
2 0.494921875 0.7979166666666667 0.12265625000000001 0.04861111111111111
2 0.6511718750000001 0.7805555555555556 0.05859375 0.022222222222222223
2 0.7132812500000001 0.7930555555555556 0.046875 0.022222222222222223
2 0.7621093750000001 0.7958333333333334 0.030468750000000003 0.030555555555555558
0 0.6953125 0.8951388888888889 0.1265625 0.20694444444444446
0 0.8191406250000001 0.9347222222222222 0.13671875 0.1277777777777778
0 0.5765625 0.9479166666666667 0.096875 0.10138888888888889
0 0.44960937500000003 0.9319444444444445 0.16484375 0.13333333333333333
2 0.987890625 0.6805555555555556 0.01953125 0.05555555555555556
