0 0.052734375 0.80625 0.10546875 0.1625
2 0.015234375000000001 0.7256944444444444 0.030468750000000003 0.0763888888888889
2 0.15195312500000002 0.7069444444444445 0.06015625 0.03333333333333333
0 0.20546875 0.8423611111111111 0.12187500000000001 0.20416666666666666
0 0.242578125 0.95625 0.13046875 0.08472222222222223
2 0.12109375 0.9493055555555556 0.1078125 0.09861111111111112
0 0.384765625 0.9722222222222222 0.07109375 0.05277777777777778
1 0.2921875 0.7756944444444445 0.09531250000000001 0.16527777777777777
0 0.40273437500000003 0.7236111111111111 0.06328125 0.08055555555555556
0 0.4578125 0.7395833333333334 0.08281250000000001 0.11527777777777778
0 0.505078125 0.7659722222222223 0.08359375000000001 0.12916666666666668
0 0.578515625 0.8104166666666667 0.09609375 0.1625
0 0.570703125 0.7159722222222222 0.06171875 0.06805555555555556
2 0.653515625 0.7263888888888889 0.07578125000000001 0.08333333333333334
2 0.684765625 0.8256944444444445 0.09921875000000001 0.19583333333333333
0 0.7523437500000001 0.732638888888889 0.078125 0.24027777777777778
2 0.8542968750000001 0.7916666666666667 0.12578125 0.2
0 0.9304687500000001 0.7756944444444445 0.1015625 0.1486111111111111
2 0.9632812500000001 0.6958333333333334 0.05 0.022222222222222223
