2 0.9691406250000001 0.8152777777777778 0.06015625 0.10555555555555556
0 0.9476562500000001 0.9104166666666667 0.10312500000000001 0.1625
0 0.884375 0.8333333333333334 0.07968750000000001 0.125
2 0.8148437500000001 0.81875 0.06406250000000001 0.09305555555555556
0 0.7523437500000001 0.8534722222222223 0.11093750000000001 0.14305555555555557
0 0.8140625 0.9423611111111111 0.19062500000000002 0.1125
1 0.49921875000000004 0.8854166666666667 0.178125 0.1902777777777778
0 0.548046875 0.8236111111111112 0.07578125000000001 0.10277777777777779
0 0.36445312500000004 0.8555555555555556 0.08203125 0.13055555555555556
0 0.286328125 0.9131944444444445 0.10078125 0.17083333333333334
0 0.205859375 0.8638888888888889 0.11796875000000001 0.14444444444444446
0 0.064453125 0.8708333333333333 0.12578125 0.13055555555555556
0 0.1375 0.9506944444444445 0.1171875 0.09583333333333334
2 0.132421875 0.8145833333333333 0.07734375 0.034722222222222224
2 0.026562500000000003 0.8222222222222223 0.053125000000000006 0.05
0 0.64453125 0.8388888888888889 0.09843750000000001 0.11388888888888889
2 0.6890625 0.8013888888888889 0.0328125 0.04166666666666667
