0 0.094921875 0.9097222222222222 0.12734375 0.17777777777777778
0 0.022656250000000003 0.9395833333333333 0.045312500000000006 0.11805555555555557
2 0.02734375 0.84375 0.0546875 0.08472222222222223
0 0.34375 0.8618055555555556 0.125 0.13194444444444445
0 0.46210937500000004 0.8423611111111111 0.10078125 0.11805555555555557
0 0.576171875 0.86875 0.13359375 0.18194444444444446
0 0.6062500000000001 0.8027777777777778 0.045312500000000006 0.05555555555555556
0 0.671484375 0.8381944444444445 0.06953125 0.12361111111111112
0 0.671875 0.9347222222222222 0.065625 0.1277777777777778
0 0.801953125 0.9333333333333333 0.10859375 0.13055555555555556
0 0.8753906250000001 0.8458333333333333 0.13515625 0.1388888888888889
2 0.7839843750000001 0.8131944444444444 0.05234375 0.06527777777777778
1 0.728125 0.8208333333333334 0.0671875 0.09722222222222222
