2 0.96796875 0.0763888888888889 0.0625 0.1527777777777778
0 0.505078125 0.3375 0.19140625 0.30833333333333335
2 0.287890625 0.48055555555555557 0.18203125 0.19444444444444445
0 0.07695312500000001 0.6034722222222223 0.15390625000000002 0.33472222222222225
0 0.053125000000000006 0.1451388888888889 0.10625000000000001 0.2847222222222222
1 0.76328125 0.8326388888888889 0.07500000000000001 0.09305555555555556
0 0.6765625000000001 0.8076388888888889 0.0578125 0.04583333333333334
2 0.8992187500000001 0.8381944444444445 0.125 0.1125
0 0.12109375 0.8388888888888889 0.07187500000000001 0.08888888888888889
0 0.022265625 0.8597222222222223 0.04453125 0.11388888888888889
2 0.5390625 0.826388888888889 0.0859375 0.07222222222222223
0 0.5765625 0.9236111111111112 0.11093750000000001 0.14444444444444446
0 0.640234375 0.9055555555555556 0.09921875000000001 0.18611111111111112
