0 0.08984375 0.10972222222222222 0.1796875 0.2111111111111111
1 0.12890625 0.7770833333333333 0.1421875 0.26805555555555555
2 0.030078125 0.9291666666666667 0.06015625 0.1388888888888889
1 0.5398437500000001 0.8159722222222222 0.0734375 0.0763888888888889
1 0.8046875 0.8951388888888889 0.1234375 0.20694444444444446
1 0.942578125 0.8451388888888889 0.11328125 0.12361111111111112
0 0.28828125 0.8173611111111111 0.1046875 0.05416666666666667
0 0.684765625 0.8479166666666667 0.12421875 0.11527777777777778
2 0.974609375 0.9423611111111111 0.049218750000000006 0.1125
2 0.460546875 0.7993055555555556 0.06796875000000001 0.034722222222222224
0 0.42734375 0.875 0.140625 0.15833333333333333
0 0.49375 0.9430555555555556 0.153125 0.11111111111111112
2 0.35000000000000003 0.9736111111111111 0.051562500000000004 0.05
