0 0.796484375 0.15833333333333333 0.11796875000000001 0.2916666666666667
0 0.962109375 0.4430555555555556 0.07421875 0.18333333333333335
0 0.8953125000000001 0.6104166666666667 0.08750000000000001 0.18194444444444446
0 0.76484375 0.7583333333333334 0.10625000000000001 0.18611111111111112
0 0.759375 0.5194444444444445 0.046875 0.11666666666666667
0 0.7449218750000001 0.4479166666666667 0.08828125 0.06527777777777778
0 0.6898437500000001 0.2972222222222222 0.09375 0.22222222222222224
1 0.578515625 0.3666666666666667 0.11484375000000001 0.15555555555555556
0 0.54921875 0.48125 0.053125000000000006 0.1125
0 0.33906250000000004 0.39305555555555555 0.0921875 0.1388888888888889
2 0.306640625 0.2638888888888889 0.11796875000000001 0.15833333333333333
2 0.29609375 0.4986111111111111 0.05625 0.15833333333333333
2 0.0390625 0.3597222222222222 0.078125 0.2138888888888889
