1 0.8988281250000001 0.5930555555555556 0.20078125000000002 0.3888888888888889
0 0.6687500000000001 0.5354166666666667 0.1 0.28194444444444444
0 0.95234375 0.9236111111111112 0.09375 0.15
0 0.839453125 0.9548611111111112 0.13046875 0.08750000000000001
0 0.888671875 0.7611111111111112 0.07109375 0.09444444444444444
0 0.95625 0.7423611111111111 0.0859375 0.13194444444444445
0 0.7757812500000001 0.7131944444444445 0.11093750000000001 0.23750000000000002
0 0.823828125 0.7444444444444445 0.05390625 0.125
0 0.7093750000000001 0.7805555555555556 0.05 0.11944444444444445
0 0.6527343750000001 0.7395833333333334 0.06484375 0.10972222222222222
0 0.5765625 0.7715277777777778 0.0765625 0.14027777777777778
0 0.5140625 0.7201388888888889 0.1046875 0.08750000000000001
0 0.4921875 0.8868055555555556 0.10312500000000001 0.22361111111111112
0 0.12734375 0.8083333333333333 0.1390625 0.18333333333333335
0 0.213671875 0.7208333333333333 0.06015625 0.06944444444444445
0 0.038671875 0.7493055555555556 0.07734375 0.14305555555555557
0 0.10820312500000001 0.9027777777777778 0.14453125 0.19166666666666668
0 0.03671875 0.9027777777777778 0.0734375 0.19166666666666668
0 0.11992187500000001 0.7256944444444444 0.10078125 0.0763888888888889
2 0.4765625 0.7041666666666667 0.0234375 0.05
2 0.708203125 0.7041666666666667 0.05078125 0.04166666666666667
