1 0.9281250000000001 0.8833333333333334 0.1421875 0.2111111111111111
0 0.7125 0.8104166666666667 0.10312500000000001 0.07916666666666666
0 0.5769531250000001 0.8229166666666667 0.13828125 0.13194444444444445
0 0.4578125 0.8729166666666667 0.1234375 0.12638888888888888
0 0.133203125 0.8458333333333333 0.13359375 0.11111111111111112
0 0.0140625 0.8819444444444445 0.028125 0.10555555555555556
0 0.24296875 0.9430555555555556 0.1328125 0.11111111111111112
1 0.7375 0.9166666666666667 0.20625000000000002 0.1638888888888889
0 0.038671875 0.4965277777777778 0.07734375 0.32083333333333336
2 0.10898437500000001 0.04652777777777778 0.12109375 0.09027777777777778
2 0.016796875 0.13055555555555556 0.03359375 0.2611111111111111
2 0.895703125 0.9798611111111112 0.09296875 0.0375
