0 0.26875 0.3111111111111111 0.15000000000000002 0.26666666666666666
0 0.494140625 0.4798611111111111 0.08515625 0.26805555555555555
1 0.354296875 0.732638888888889 0.14609375 0.13194444444444445
0 0.476171875 0.7423611111111111 0.07890625000000001 0.1375
0 0.599609375 0.7381944444444445 0.06796875000000001 0.12638888888888888
0 0.6566406250000001 0.8097222222222222 0.10546875 0.18055555555555555
0 0.66953125 0.20069444444444445 0.17343750000000002 0.27083333333333337
0 0.21992187500000002 0.5166666666666667 0.18203125 0.20555555555555557
2 0.7921875 0.6819444444444445 0.0671875 0.019444444444444445
2 0.870703125 0.6868055555555556 0.06015625 0.0375
2 0.9519531250000001 0.6902777777777778 0.05078125 0.03888888888888889
