1 0.037890625000000004 0.732638888888889 0.07578125000000001 0.3041666666666667
0 0.158984375 0.8916666666666667 0.08515625 0.16666666666666669
0 0.090234375 0.8340277777777778 0.07265625 0.07361111111111111
0 0.384375 0.76875 0.1296875 0.22083333333333335
0 0.246875 0.7381944444444445 0.146875 0.24861111111111112
0 0.36328125 0.4354166666666667 0.1296875 0.28750000000000003
0 0.567578125 0.15694444444444444 0.17421875 0.29444444444444445
0 0.43085937500000004 0.10902777777777778 0.17109375000000002 0.21805555555555556
0 0.92578125 0.7756944444444445 0.1171875 0.19583333333333333
1 0.821484375 0.8479166666666667 0.09921875000000001 0.1513888888888889
0 0.7074218750000001 0.8375 0.11640625 0.12222222222222223
0 0.941015625 0.9263888888888889 0.11171875 0.14444444444444446
0 0.825390625 0.9500000000000001 0.10859375 0.09722222222222222
1 0.69140625 0.9284722222222223 0.1453125 0.14027777777777778
2 0.991796875 0.7666666666666667 0.014843750000000001 0.15833333333333333
