0 0.13125 0.8666666666666667 0.15781250000000002 0.2388888888888889
0 0.11796875000000001 0.7173611111111111 0.0703125 0.059722222222222225
0 0.314453125 0.7625000000000001 0.09765625 0.14166666666666666
0 0.42695312500000004 0.7201388888888889 0.08203125 0.07916666666666666
1 0.49609375 0.7986111111111112 0.1625 0.21666666666666667
2 0.6160156250000001 0.8791666666666667 0.09453125000000001 0.20555555555555557
0 0.63984375 0.8118055555555556 0.13125 0.17916666666666667
1 0.74375 0.7861111111111111 0.1234375 0.16111111111111112
0 0.7621093750000001 0.7069444444444445 0.07890625000000001 0.05
0 0.95703125 0.8375 0.084375 0.1527777777777778
2 0.938671875 0.6909722222222222 0.05078125 0.03194444444444445
2 0.015625 0.7111111111111111 0.03125 0.05277777777777778
