2 0.39570312500000004 0.2520833333333333 0.16484375 0.12638888888888888
0 0.2265625 0.49444444444444446 0.13125 0.27222222222222225
0 0.240234375 0.9034722222222222 0.15703125 0.1902777777777778
0 0.09531250000000001 0.9166666666666667 0.1421875 0.1638888888888889
0 0.460546875 0.8791666666666667 0.14765625000000002 0.2388888888888889
0 0.26953125 0.7152777777777778 0.1015625 0.1
0 0.0703125 0.7402777777777778 0.13125 0.1
0 0.8347656250000001 0.8722222222222222 0.11328125 0.21944444444444444
0 0.8929687500000001 0.8076388888888889 0.0859375 0.14583333333333334
0 0.90625 0.7215277777777778 0.0578125 0.08750000000000001
0 0.9792968750000001 0.8013888888888889 0.039843750000000004 0.10555555555555556
2 0.929296875 0.7000000000000001 0.02890625 0.03888888888888889
2 0.962890625 0.6951388888888889 0.03671875 0.02638888888888889
1 0.82734375 0.7333333333333334 0.1 0.11111111111111112
2 0.7453125 0.70625 0.060937500000000006 0.05416666666666667
2 0.6957031250000001 0.7125 0.05234375 0.0638888888888889
0 0.6121093750000001 0.725 0.10234375000000001 0.08888888888888889
2 0.54453125 0.7284722222222223 0.078125 0.12083333333333333
