0 0.12617187500000002 0.8284722222222223 0.11484375000000001 0.23472222222222222
0 0.944921875 0.8875000000000001 0.10859375 0.2111111111111111
0 0.784765625 0.8305555555555556 0.06953125 0.10277777777777779
0 0.6003906250000001 0.882638888888889 0.11796875000000001 0.20416666666666666
0 0.49531250000000004 0.8951388888888889 0.134375 0.20694444444444446
0 0.443359375 0.8090277777777778 0.08828125 0.05416666666666667
1 0.33515625000000004 0.8618055555555556 0.1203125 0.14305555555555557
1 0.8515625 0.851388888888889 0.06875 0.15
2 0.9609375 0.8125 0.0578125 0.075
0 0.7054687500000001 0.8013888888888889 0.09843750000000001 0.058333333333333334
