0 0.9691406250000001 0.6194444444444445 0.06015625 0.14722222222222223
0 0.940625 0.4930555555555556 0.1171875 0.11944444444444445
1 0.880859375 0.5930555555555556 0.11953125 0.23055555555555557
0 0.8050781250000001 0.9263888888888889 0.11796875000000001 0.14444444444444446
0 0.48085937500000003 0.44583333333333336 0.07890625000000001 0.07777777777777778
2 0.46523437500000003 0.5097222222222222 0.047656250000000004 0.061111111111111116
0 0.76484375 0.757638888888889 0.10625000000000001 0.20694444444444446
0 0.5906250000000001 0.7972222222222223 0.1203125 0.20277777777777778
2 0.39960937500000004 0.44097222222222227 0.03671875 0.05694444444444444
0 0.233203125 0.4638888888888889 0.10078125 0.11666666666666667
0 0.1625 0.5909722222222222 0.1015625 0.17916666666666667
0 0.11875000000000001 0.8006944444444445 0.1203125 0.17083333333333334
0 0.0625 0.4729166666666667 0.09062500000000001 0.14583333333333334
2 0.009765625 0.5465277777777778 0.01953125 0.10416666666666667
