1 0.048828125 0.8451388888888889 0.09765625 0.20694444444444446
1 0.287890625 0.851388888888889 0.11484375000000001 0.10555555555555556
1 0.18867187500000002 0.8708333333333333 0.07265625 0.13333333333333333
0 0.14609375 0.9423611111111111 0.1078125 0.1125
2 0.50625 0.9548611111111112 0.15937500000000002 0.08472222222222223
1 0.6468750000000001 0.8472222222222222 0.140625 0.19166666666666668
1 0.696875 0.9395833333333333 0.08125 0.11805555555555557
2 0.556640625 0.8409722222222222 0.05234375 0.11805555555555557
1 0.7921875 0.7104166666666667 0.1390625 0.34305555555555556
1 0.7976562500000001 0.9159722222222223 0.10625000000000001 0.13194444444444445
0 0.905859375 0.7819444444444444 0.11640625 0.2833333333333333
2 0.9773437500000001 0.8583333333333334 0.043750000000000004 0.17222222222222222
2 0.94140625 0.9715277777777778 0.10625000000000001 0.04861111111111111
0 0.880078125 0.8875000000000001 0.08828125 0.15555555555555556
