2 0.028125 0.8347222222222223 0.05625 0.08611111111111111
0 0.203515625 0.8368055555555556 0.07734375 0.08194444444444444
0 0.37226562500000004 0.8180555555555555 0.06015625 0.058333333333333334
0 0.31171875000000004 0.8930555555555556 0.1375 0.15833333333333333
0 0.503515625 0.8444444444444444 0.07578125000000001 0.13611111111111113
0 0.6667968750000001 0.8979166666666667 0.09140625000000001 0.2013888888888889
0 0.784765625 0.9222222222222223 0.13828125 0.1527777777777778
0 0.96015625 0.9472222222222223 0.078125 0.09166666666666667
2 0.92578125 0.7930555555555556 0.08750000000000001 0.04722222222222222
2 0.981640625 0.820138888888889 0.03515625 0.11805555555555557
2 0.26015625000000003 0.9729166666666667 0.037500000000000006 0.051388888888888894
1 0.567578125 0.8930555555555556 0.11484375000000001 0.2111111111111111
1 0.886328125 0.9416666666666667 0.08203125 0.11388888888888889
0 0.80078125 0.8180555555555555 0.12187500000000001 0.08611111111111111
