0 0.183984375 0.7645833333333334 0.11171875 0.16527777777777777
0 0.35468750000000004 0.4979166666666667 0.14375000000000002 0.23194444444444445
0 0.3609375 0.6979166666666667 0.07500000000000001 0.1625
0 0.45156250000000003 0.7055555555555556 0.0921875 0.18055555555555555
0 0.552734375 0.7312500000000001 0.08046875 0.13472222222222222
0 0.34140625 0.9263888888888889 0.0890625 0.14444444444444446
2 0.017578125 0.7131944444444445 0.03515625 0.06527777777777778
0 0.7125 0.28541666666666665 0.153125 0.19861111111111113
0 0.7542968750000001 0.8819444444444445 0.10078125 0.23333333333333334
0 0.7386718750000001 0.5409722222222222 0.14765625000000002 0.22361111111111112
1 0.923046875 0.9111111111111111 0.15234375 0.17222222222222222
0 0.908203125 0.4743055555555556 0.12421875 0.30694444444444446
0 0.908203125 0.7027777777777778 0.15546875000000002 0.18055555555555555
1 0.9558593750000001 0.7798611111111111 0.08671875000000001 0.10972222222222222
2 0.71875 0.7458333333333333 0.1203125 0.14722222222222223
0 0.7953125000000001 0.6631944444444444 0.115625 0.24305555555555555
