0 0.07968750000000001 0.8243055555555556 0.06406250000000001 0.05416666666666667
0 0.171875 0.8319444444444445 0.1 0.08333333333333334
0 0.38906250000000003 0.8909722222222223 0.1328125 0.13194444444444445
1 0.47304687500000003 0.8215277777777779 0.06796875000000001 0.08750000000000001
1 0.6101562500000001 0.8208333333333334 0.08750000000000001 0.09722222222222222
1 0.7410156250000001 0.9048611111111111 0.10859375 0.1875
0 0.9625 0.8680555555555556 0.0734375 0.14722222222222223
0 0.847265625 0.8833333333333334 0.09765625 0.17500000000000002
0 0.741796875 0.8034722222222223 0.11484375000000001 0.06805555555555556
2 0.8617187500000001 0.8 0.037500000000000006 0.04722222222222222
2 0.7074218750000001 0.9736111111111111 0.18984375 0.05
2 0.989453125 0.7736111111111111 0.01953125 0.02777777777777778
