1 0.09335937500000001 0.8076388888888889 0.18671875000000002 0.24305555555555555
0 0.2578125 0.7819444444444444 0.096875 0.14444444444444446
0 0.32929687500000004 0.7743055555555556 0.11484375000000001 0.1736111111111111
0 0.45625000000000004 0.7444444444444445 0.10312500000000001 0.13055555555555556
0 0.574609375 0.7076388888888889 0.07578125000000001 0.051388888888888894
0 0.2328125 0.051388888888888894 0.09531250000000001 0.10277777777777779
2 0.7605468750000001 0.3090277777777778 0.13984375000000002 0.24305555555555555
1 0.75703125 0.6833333333333333 0.2 0.21944444444444444
2 0.76875 0.78125 0.03125 0.04583333333333334
0 0.9398437500000001 0.7104166666666667 0.11875000000000001 0.1902777777777778
