0 0.92734375 0.8840277777777779 0.12187500000000001 0.1736111111111111
0 0.9847656250000001 0.8354166666666667 0.02890625 0.10138888888888889
0 0.980078125 0.45625000000000004 0.03828125 0.051388888888888894
0 0.923046875 0.48194444444444445 0.06796875000000001 0.1
0 0.8359375 0.48055555555555557 0.0921875 0.125
0 0.75390625 0.4756944444444445 0.0703125 0.11527777777777778
0 0.53515625 0.49375 0.11093750000000001 0.1513888888888889
0 0.48554687500000004 0.6326388888888889 0.10234375000000001 0.20694444444444446
0 0.39492187500000003 0.6256944444444444 0.09140625000000001 0.18472222222222223
0 0.33203125 0.4375 0.07500000000000001 0.0638888888888889
1 0.2546875 0.4763888888888889 0.06875 0.13055555555555556
0 0.1859375 0.47708333333333336 0.08281250000000001 0.13472222222222222
2 0.094921875 0.888888888888889 0.09609375 0.21944444444444444
2 0.420703125 0.9652777777777778 0.041406250000000006 0.05277777777777778
0 0.09921875000000001 0.4083333333333333 0.040625 0.025
2 0.683203125 0.43194444444444446 0.01953125 0.016666666666666666
