1 0.9382812500000001 0.48680555555555555 0.12187500000000001 0.1375
2 0.985546875 0.7277777777777779 0.02734375 0.1388888888888889
0 0.6039062500000001 0.4416666666666667 0.078125 0.08055555555555556
0 0.618359375 0.48541666666666666 0.11171875 0.12083333333333333
0 0.35625 0.45625000000000004 0.078125 0.1125
0 0.31093750000000003 0.5083333333333333 0.08281250000000001 0.17500000000000002
0 0.26640625 0.56875 0.059375000000000004 0.2125
0 0.48085937500000003 0.8243055555555556 0.10546875 0.18472222222222223
0 0.3765625 0.9479166666666667 0.059375000000000004 0.10138888888888889
0 0.30390625000000004 0.9569444444444445 0.08750000000000001 0.08333333333333334
0 0.21992187500000002 0.9569444444444445 0.08046875 0.08333333333333334
