0 0.94140625 0.8875000000000001 0.115625 0.19722222222222224
0 0.09531250000000001 0.8875000000000001 0.1328125 0.15833333333333333
0 0.30546875 0.9076388888888889 0.1296875 0.18194444444444446
0 0.384765625 0.8097222222222222 0.12265625000000001 0.05
2 0.43984375000000003 0.826388888888889 0.08125 0.09444444444444444
2 0.037890625000000004 0.8208333333333334 0.07578125000000001 0.044444444444444446
2 0.00859375 0.9027777777777778 0.0171875 0.05555555555555556
2 0.9925781250000001 0.8 0.013281250000000001 0.05
0 0.9539062500000001 0.7937500000000001 0.07500000000000001 0.05416666666666667
1 0.806640625 0.8659722222222223 0.11171875 0.1763888888888889
0 0.7328125000000001 0.8131944444444444 0.0859375 0.08194444444444444
0 0.6707031250000001 0.8840277777777779 0.13671875 0.18194444444444446
0 0.603125 0.8111111111111111 0.0671875 0.08888888888888889
0 0.5265625 0.7972222222222223 0.084375 0.05277777777777778
1 0.25703125 0.8270833333333334 0.07187500000000001 0.09583333333333334
0 0.207421875 0.8097222222222222 0.05390625 0.03888888888888889
