0 0.6375000000000001 0.4395833333333333 0.15000000000000002 0.2513888888888889
0 0.115625 0.7402777777777778 0.0890625 0.11944444444444445
0 0.03671875 0.8055555555555556 0.0734375 0.1527777777777778
0 0.33515625000000004 0.8131944444444444 0.1390625 0.19583333333333333
0 0.420703125 0.8715277777777778 0.14296875 0.19861111111111113
0 0.259375 0.9666666666666667 0.15000000000000002 0.0638888888888889
0 0.057031250000000006 0.9680555555555556 0.11406250000000001 0.061111111111111116
0 0.5183593750000001 0.6965277777777779 0.08828125 0.15694444444444444
0 0.6414062500000001 0.6597222222222222 0.13593750000000002 0.17777777777777778
0 0.7375 0.6298611111111111 0.125 0.2513888888888889
0 0.851171875 0.6104166666666667 0.12109375 0.24027777777777778
0 0.8636718750000001 0.9291666666666667 0.13359375 0.1388888888888889
0 0.4625 0.7118055555555556 0.0578125 0.06805555555555556
0 0.929296875 0.7972222222222223 0.09765625 0.10277777777777779
1 0.839453125 0.8291666666666667 0.14453125 0.13611111111111113
0 0.900390625 0.6993055555555556 0.11484375000000001 0.12916666666666668
2 0.9691406250000001 0.7270833333333334 0.06015625 0.09583333333333334
