0 0.049609375000000004 0.7916666666666667 0.09921875000000001 0.125
0 0.2625 0.8986111111111111 0.13593750000000002 0.2
0 0.22773437500000002 0.7958333333333334 0.13671875 0.125
0 0.23984375000000002 0.7319444444444445 0.0859375 0.09722222222222222
0 0.401953125 0.7965277777777778 0.11796875000000001 0.17916666666666667
0 0.51015625 0.8715277777777778 0.13593750000000002 0.24861111111111112
0 0.574609375 0.8194444444444445 0.08515625 0.14722222222222223
2 0.572265625 0.7020833333333334 0.047656250000000004 0.051388888888888894
0 0.64453125 0.7694444444444445 0.08125 0.11111111111111112
0 0.685546875 0.8909722222222223 0.13671875 0.1625
1 0.710546875 0.7680555555555556 0.09765625 0.1277777777777778
0 0.7859375000000001 0.9006944444444445 0.0765625 0.18472222222222223
0 0.8562500000000001 0.9631944444444445 0.1265625 0.07083333333333333
2 0.896484375 0.6340277777777779 0.20546875 0.23472222222222222
2 0.985546875 0.8534722222222223 0.025781250000000002 0.13194444444444445
0 0.575390625 0.8145833333333333 0.08203125 0.15416666666666667
0 0.47304687500000003 0.7006944444444445 0.05390625 0.04861111111111111
