0 0.9382812500000001 0.12569444444444444 0.12187500000000001 0.2513888888888889
0 0.7800781250000001 0.19861111111111113 0.14765625000000002 0.2611111111111111
0 0.564453125 0.5104166666666667 0.09296875 0.27361111111111114
0 0.8265625000000001 0.5375 0.15000000000000002 0.18888888888888888
0 0.771484375 0.6541666666666667 0.14296875 0.13611111111111113
2 0.981640625 0.7138888888888889 0.03515625 0.06944444444444445
2 0.9851562500000001 0.9006944444444445 0.028125 0.10138888888888889
0 0.628515625 0.9638888888888889 0.12265625000000001 0.06944444444444445
0 0.08945312500000001 0.6909722222222222 0.10546875 0.2625
0 0.182421875 0.8833333333333334 0.15234375 0.225
1 0.326953125 0.8694444444444445 0.17734375000000002 0.25833333333333336
0 0.484375 0.7381944444444445 0.0703125 0.12361111111111112
0 0.42890625000000004 0.7597222222222223 0.051562500000000004 0.16111111111111112
0 0.7359375 0.8006944444444445 0.0921875 0.16805555555555557
0 0.662109375 0.7291666666666667 0.057031250000000006 0.09722222222222222
2 0.586328125 0.7034722222222223 0.08359375000000001 0.04027777777777778
2 0.8539062500000001 0.76875 0.1125 0.20694444444444446
2 0.8660156250000001 0.9173611111111112 0.11015625000000001 0.07361111111111111
0 0.369140625 0.7298611111111112 0.08828125 0.18194444444444446
2 0.033984375000000004 0.8048611111111111 0.06796875000000001 0.17916666666666667
