0 0.16562500000000002 0.8951388888888889 0.146875 0.19305555555555556
0 0.471484375 0.8861111111111112 0.15390625000000002 0.18333333333333335
0 0.5789062500000001 0.8444444444444444 0.10625000000000001 0.125
0 0.482421875 0.8236111111111112 0.07265625 0.07222222222222223
0 0.70859375 0.9173611111111112 0.1625 0.1625
0 0.7406250000000001 0.8131944444444444 0.09375 0.06527777777777778
0 0.86484375 0.8111111111111111 0.12187500000000001 0.0638888888888889
0 0.8929687500000001 0.9458333333333334 0.09843750000000001 0.10555555555555556
2 0.9906250000000001 0.7958333333333334 0.0171875 0.04166666666666667
1 0.9515625000000001 0.8361111111111111 0.0890625 0.125
2 0.8894531250000001 0.8590277777777778 0.032031250000000004 0.04027777777777778
