1 0.69140625 0.6590277777777778 0.140625 0.3180555555555556
1 0.9656250000000001 0.8708333333333333 0.065625 0.12222222222222223
2 0.027734375000000002 0.8381944444444445 0.055468750000000004 0.13194444444444445
2 0.9574218750000001 0.46944444444444444 0.08046875 0.2388888888888889
2 0.905859375 0.7916666666666667 0.16796875 0.18055555555555555
0 0.673046875 0.9215277777777778 0.13828125 0.1513888888888889
0 0.451171875 0.9104166666666667 0.15234375 0.1763888888888889
2 0.3140625 0.976388888888889 0.11406250000000001 0.044444444444444446
0 0.57265625 0.9270833333333334 0.09843750000000001 0.14305555555555557
2 0.784765625 0.9756944444444445 0.13046875 0.04583333333333334
2 0.9812500000000001 0.9729166666666667 0.0328125 0.051388888888888894
