1 0.24453125 0.8423611111111111 0.11093750000000001 0.10138888888888889
1 0.73203125 0.7625000000000001 0.1546875 0.3055555555555556
1 0.784765625 0.9118055555555555 0.10390625 0.16527777777777777
0 0.31093750000000003 0.9090277777777778 0.146875 0.17916666666666667
2 0.556640625 0.9590277777777778 0.20859375000000002 0.07916666666666666
2 0.9546875 0.43125 0.0890625 0.20972222222222223
2 0.9140625 0.7708333333333334 0.1703125 0.16111111111111112
0 0.8914062500000001 0.90625 0.11875000000000001 0.12361111111111112
0 0.9656250000000001 0.9444444444444445 0.0390625 0.07777777777777778
2 0.92734375 0.9895833333333334 0.134375 0.018055555555555557
