0 0.094140625 0.8347222222222223 0.15078125 0.17222222222222222
2 0.03359375 0.7194444444444444 0.0671875 0.07777777777777778
0 0.26992187500000003 0.7368055555555556 0.12109375 0.12083333333333333
0 0.41015625 0.7055555555555556 0.0890625 0.16111111111111112
0 0.483203125 0.8381944444444445 0.11328125 0.2652777777777778
0 0.5867187500000001 0.18819444444444444 0.1375 0.20972222222222223
0 0.794140625 0.4076388888888889 0.15703125 0.29583333333333334
2 0.7078125000000001 0.7291666666666667 0.1 0.11944444444444445
1 0.81953125 0.7256944444444444 0.12812500000000002 0.11805555555555557
1 0.753515625 0.11875000000000001 0.19921875 0.23750000000000002
0 0.9398437500000001 0.7625000000000001 0.096875 0.1277777777777778
2 0.948828125 0.7131944444444445 0.10078125 0.09027777777777778
0 0.940625 0.8631944444444445 0.1171875 0.11805555555555557
2 0.962109375 0.951388888888889 0.07421875 0.08888888888888889
