0 0.964453125 0.22361111111111112 0.06953125 0.29444444444444445
0 0.03515625 0.7222222222222222 0.0703125 0.07222222222222223
2 0.013281250000000001 0.43125 0.026562500000000003 0.14305555555555557
0 0.144140625 0.7000000000000001 0.12421875 0.18888888888888888
0 0.253125 0.7229166666666667 0.1125 0.09305555555555556
0 0.17695312500000002 0.9319444444444445 0.13984375000000002 0.13333333333333333
0 0.34687500000000004 0.8729166666666667 0.11875000000000001 0.15694444444444444
2 0.335546875 0.9527777777777778 0.12109375 0.09166666666666667
0 0.544921875 0.8159722222222222 0.14765625000000002 0.15694444444444444
0 0.646484375 0.7597222222222223 0.08828125 0.14722222222222223
0 0.767578125 0.7055555555555556 0.08046875 0.058333333333333334
0 0.7835937500000001 0.8902777777777778 0.1484375 0.21666666666666667
0 0.874609375 0.9104166666666667 0.11328125 0.1763888888888889
0 0.9375 0.89375 0.1234375 0.1736111111111111
1 0.8894531250000001 0.76875 0.12578125 0.12916666666666668
2 0.853515625 0.6951388888888889 0.057031250000000006 0.0375
1 0.97421875 0.7513888888888889 0.05 0.14722222222222223
1 0.649609375 0.9506944444444445 0.08203125 0.09583333333333334
0 0.548046875 0.9347222222222222 0.12109375 0.1277777777777778
2 0.47695312500000003 0.9597222222222223 0.055468750000000004 0.07777777777777778
2 0.7000000000000001 0.7173611111111111 0.0390625 0.08194444444444444
