1 0.8250000000000001 0.851388888888889 0.15156250000000002 0.2388888888888889
0 0.044921875 0.7590277777777779 0.08671875000000001 0.14583333333333334
0 0.1953125 0.8986111111111111 0.1234375 0.18888888888888888
0 0.25859375 0.7763888888888889 0.146875 0.14722222222222223
0 0.40156250000000004 0.7291666666666667 0.0765625 0.09722222222222222
0 0.396484375 0.86875 0.11328125 0.19583333333333333
0 0.486328125 0.8791666666666667 0.08515625 0.2388888888888889
0 0.515625 0.8083333333333333 0.078125 0.14722222222222223
0 0.48984375 0.7090277777777778 0.03125 0.059722222222222225
0 0.512890625 0.7291666666666667 0.05078125 0.07777777777777778
0 0.5750000000000001 0.7208333333333333 0.059375000000000004 0.075
0 0.6375000000000001 0.7361111111111112 0.060937500000000006 0.10277777777777779
2 0.9343750000000001 0.7201388888888889 0.0890625 0.0763888888888889
2 0.16718750000000002 0.7041666666666667 0.029687500000000002 0.025
2 0.685546875 0.7090277777777778 0.05234375 0.05694444444444444
