0 0.045312500000000006 0.85 0.09062500000000001 0.09166666666666667
0 0.18046875 0.7229166666666667 0.1375 0.24861111111111112
1 0.224609375 0.8527777777777779 0.06328125 0.10277777777777779
0 0.354296875 0.8291666666666667 0.07265625 0.075
2 0.257421875 0.9625 0.11328125 0.07222222222222223
1 0.1453125 0.9298611111111111 0.1078125 0.1375
2 0.043750000000000004 0.9361111111111111 0.0859375 0.125
0 0.653515625 0.8722222222222222 0.08359375000000001 0.1527777777777778
2 0.6703125000000001 0.7986111111111112 0.045312500000000006 0.02777777777777778
0 0.78515625 0.8409722222222222 0.115625 0.12083333333333333
0 0.755078125 0.9208333333333334 0.07578125000000001 0.15555555555555556
0 0.92109375 0.9166666666666667 0.1421875 0.1638888888888889
2 0.926953125 0.8208333333333334 0.08203125 0.07777777777777778
