0 0.36054687500000004 0.5083333333333333 0.10703125000000001 0.26944444444444443
0 0.780859375 0.3388888888888889 0.14140625 0.2555555555555556
0 0.610546875 0.6798611111111111 0.16640625 0.19583333333333333
0 0.365234375 0.7479166666666667 0.08359375000000001 0.1375
0 0.50703125 0.8965277777777778 0.08750000000000001 0.20416666666666666
0 0.640625 0.888888888888889 0.1390625 0.18333333333333335
0 0.7777343750000001 0.8548611111111112 0.12578125 0.20972222222222223
0 0.8718750000000001 0.90625 0.08125 0.18472222222222223
0 0.9421875000000001 0.9270833333333334 0.08281250000000001 0.14305555555555557
2 0.79296875 0.9576388888888889 0.1 0.08194444444444444
1 0.944921875 0.7986111111111112 0.09140625000000001 0.16666666666666669
2 0.9671875000000001 0.6944444444444444 0.06406250000000001 0.044444444444444446
2 0.978125 0.7472222222222222 0.0421875 0.06666666666666667
2 0.887890625 0.7055555555555556 0.07578125000000001 0.06944444444444445
0 0.7816406250000001 0.7131944444444445 0.11953125 0.08472222222222223
