0 0.8792968750000001 0.4625 0.13828125 0.32222222222222224
0 0.32265625000000003 0.5229166666666667 0.1296875 0.3125
0 0.476171875 0.9041666666666667 0.11484375000000001 0.18888888888888888
0 0.5890625 0.7715277777777778 0.1484375 0.22083333333333335
0 0.38515625000000003 0.913888888888889 0.1125 0.16944444444444445
0 0.882421875 0.8013888888888889 0.10703125000000001 0.15555555555555556
2 0.9671875000000001 0.9194444444444445 0.06406250000000001 0.15555555555555556
1 0.7453125 0.8979166666666667 0.153125 0.2013888888888889
2 0.02421875 0.951388888888889 0.0484375 0.09444444444444444
2 0.9847656250000001 0.7680555555555556 0.02890625 0.08055555555555556
2 0.96484375 0.04791666666666667 0.065625 0.09583333333333334
