0 0.0484375 0.8618055555555556 0.096875 0.19305555555555556
2 0.026953125 0.7847222222222222 0.05390625 0.08888888888888889
0 0.7289062500000001 0.5680555555555555 0.1328125 0.23055555555555557
0 0.6023437500000001 0.5479166666666667 0.1234375 0.23194444444444445
0 0.659765625 0.7125 0.09921875000000001 0.16944444444444445
0 0.766796875 0.7493055555555556 0.08828125 0.12638888888888888
0 0.6140625000000001 0.75 0.08125 0.14444444444444446
0 0.829296875 0.9208333333333334 0.14296875 0.15555555555555556
0 0.408984375 0.8875000000000001 0.15703125 0.22222222222222224
0 0.4765625 0.7076388888888889 0.11093750000000001 0.0625
2 0.33046875000000003 0.7083333333333334 0.08125 0.05277777777777778
1 0.88203125 0.7840277777777778 0.11875000000000001 0.1625
0 0.9597656250000001 0.80625 0.07890625000000001 0.16527777777777777
2 0.930859375 0.9527777777777778 0.06484375 0.09166666666666667
2 0.9851562500000001 0.6930555555555555 0.028125 0.11111111111111112
