2 0.043359375000000006 0.9055555555555556 0.08671875000000001 0.18611111111111112
0 0.17265625 0.9118055555555555 0.1265625 0.1736111111111111
0 0.23789062500000002 0.945138888888889 0.11328125 0.10694444444444445
1 0.27968750000000003 0.8506944444444445 0.15781250000000002 0.17083333333333334
1 0.625 0.9048611111111111 0.125 0.1875
1 0.929296875 0.8493055555555555 0.08359375000000001 0.13472222222222222
2 0.619140625 0.8 0.08046875 0.044444444444444446
0 0.735546875 0.8395833333333333 0.08359375000000001 0.10972222222222222
0 0.84140625 0.9131944444444445 0.153125 0.17083333333333334
1 0.9593750000000001 0.8131944444444444 0.07968750000000001 0.0763888888888889
0 0.7125 0.9305555555555556 0.09531250000000001 0.13611111111111113
