0 0.830078125 0.35208333333333336 0.13828125 0.23472222222222222
0 0.7765625 0.6402777777777778 0.12187500000000001 0.21666666666666667
0 0.8109375000000001 0.75625 0.078125 0.1375
1 0.9242187500000001 0.8236111111111112 0.15000000000000002 0.18333333333333335
0 0.9390625 0.7166666666666667 0.09843750000000001 0.08611111111111111
0 0.6828125 0.7298611111111112 0.06406250000000001 0.10972222222222222
1 0.56875 0.7305555555555556 0.146875 0.13055555555555556
0 0.6015625 0.9041666666666667 0.1296875 0.18888888888888888
0 0.44765625000000003 0.7597222222222223 0.07500000000000001 0.1277777777777778
2 0.384765625 0.7458333333333333 0.049218750000000006 0.11666666666666667
1 0.251953125 0.7402777777777778 0.15234375 0.11111111111111112
1 0.055078125000000006 0.7541666666666667 0.11015625000000001 0.1277777777777778
0 0.028125 0.5805555555555556 0.05625 0.14166666666666666
0 0.074609375 0.9625 0.08046875 0.07222222222222223
0 0.184375 0.8923611111111112 0.1390625 0.1375
0 0.24375000000000002 0.95625 0.12812500000000002 0.07916666666666666
0 0.3609375 0.9152777777777779 0.10312500000000001 0.16666666666666669
0 0.330859375 0.8111111111111111 0.07578125000000001 0.11111111111111112
0 0.37578125 0.7388888888888889 0.053125000000000006 0.09444444444444444
0 0.6468750000000001 0.7833333333333333 0.05625 0.11388888888888889
0 0.171875 0.7493055555555556 0.060937500000000006 0.10972222222222222
2 0.5085937500000001 0.9493055555555556 0.028125 0.09861111111111112
2 0.07578125000000001 0.7069444444444445 0.037500000000000006 0.03333333333333333
2 0.98203125 0.7000000000000001 0.034375 0.05
0 0.44609375 0.7569444444444444 0.07500000000000001 0.1277777777777778
