0 0.9382812500000001 0.6430555555555556 0.1046875 0.11388888888888889
0 0.80625 0.7506944444444444 0.11093750000000001 0.14305555555555557
0 0.644140625 0.6930555555555555 0.07578125000000001 0.22222222222222224
0 0.5890625 0.5944444444444444 0.08281250000000001 0.11666666666666667
0 0.6257812500000001 0.5236111111111111 0.09062500000000001 0.11666666666666667
0 0.61640625 0.44722222222222224 0.043750000000000004 0.0638888888888889
0 0.578515625 0.40347222222222223 0.05390625 0.14305555555555557
0 0.6097656250000001 0.2111111111111111 0.11484375000000001 0.20833333333333334
0 0.73203125 0.2659722222222222 0.1046875 0.1625
2 0.68515625 0.37430555555555556 0.07500000000000001 0.14305555555555557
0 0.692578125 0.4618055555555556 0.06953125 0.0763888888888889
0 0.8703125 0.5 0.1015625 0.14166666666666666
0 0.9453125 0.4673611111111111 0.1 0.07916666666666666
2 0.8285156250000001 0.43194444444444446 0.04453125 0.016666666666666666
0 0.576171875 0.8173611111111111 0.09453125000000001 0.22361111111111112
0 0.48515625 0.5361111111111111 0.1 0.10555555555555556
0 0.30195312500000004 0.8590277777777778 0.09609375 0.1625
0 0.220703125 0.48125 0.07421875 0.1125
0 0.017968750000000002 0.42847222222222225 0.035937500000000004 0.05694444444444444
0 0.532421875 0.4451388888888889 0.03671875 0.059722222222222225
0 0.294140625 0.46805555555555556 0.07578125000000001 0.125
0 0.280078125 0.3111111111111111 0.09609375 0.20277777777777778
0 0.362890625 0.41805555555555557 0.06953125 0.1638888888888889
1 0.417578125 0.3236111111111111 0.10390625 0.21944444444444444
0 0.4765625 0.2548611111111111 0.0859375 0.1902777777777778
0 0.5296875 0.3277777777777778 0.0921875 0.19444444444444445
