1 0.06640625 0.8923611111111112 0.1328125 0.1875
0 0.35000000000000003 0.9215277777777778 0.1078125 0.15416666666666667
2 0.016796875 0.8375 0.03359375 0.08055555555555556
0 0.2984375 0.83125 0.08125 0.08194444444444444
0 0.471484375 0.8388888888888889 0.08359375000000001 0.09444444444444444
2 0.555859375 0.80625 0.04296875 0.0375
2 0.61328125 0.8055555555555556 0.05625 0.02777777777777778
0 0.7074218750000001 0.8486111111111111 0.11171875 0.14166666666666666
0 0.7515625 0.9298611111111111 0.171875 0.1375
0 0.828125 0.8951388888888889 0.1203125 0.17083333333333334
0 0.8562500000000001 0.8291666666666667 0.0484375 0.06944444444444445
0 0.9460937500000001 0.8569444444444445 0.10625000000000001 0.13611111111111113
