1 0.068359375 0.6055555555555556 0.13671875 0.3
0 0.470703125 0.46805555555555556 0.15859375 0.2
0 0.876953125 0.7465277777777778 0.11484375000000001 0.14305555555555557
0 0.63203125 0.7194444444444444 0.13125 0.08055555555555556
0 0.603125 0.8395833333333333 0.109375 0.1736111111111111
0 0.9476562500000001 0.6986111111111112 0.060937500000000006 0.03888888888888889
2 0.7562500000000001 0.69375 0.07500000000000001 0.04027777777777778
0 0.5296875 0.7520833333333333 0.065625 0.14305555555555557
2 0.47187500000000004 0.7055555555555556 0.060937500000000006 0.04722222222222222
0 0.41484375 0.7256944444444444 0.059375000000000004 0.10972222222222222
0 0.36875 0.8354166666666667 0.1 0.22916666666666669
0 0.199609375 0.9111111111111111 0.12265625000000001 0.17500000000000002
0 0.1453125 0.8333333333333334 0.1 0.19722222222222224
0 0.103515625 0.8006944444444445 0.11171875 0.17083333333333334
0 0.296484375 0.7368055555555556 0.11328125 0.11527777777777778
2 0.99375 0.7034722222222223 0.010937500000000001 0.034722222222222224
0 0.3015625 0.8291666666666667 0.1015625 0.18888888888888888
