0 0.044140625 0.8729166666666667 0.08828125 0.14583333333333334
0 0.16484375 0.9444444444444445 0.14375000000000002 0.10555555555555556
0 0.2578125 0.882638888888889 0.109375 0.1763888888888889
0 0.6671875 0.8229166666666667 0.09531250000000001 0.08750000000000001
0 0.49453125000000003 0.8055555555555556 0.0625 0.04722222222222222
0 0.5574218750000001 0.945138888888889 0.13203125000000002 0.10694444444444445
0 0.5546875 0.8493055555555555 0.12187500000000001 0.14305555555555557
0 0.952734375 0.851388888888889 0.06328125 0.09444444444444444
0 0.9714843750000001 0.951388888888889 0.055468750000000004 0.09166666666666667
2 0.8140625 0.7944444444444445 0.035937500000000004 0.030555555555555558
1 0.884375 0.7569444444444444 0.1328125 0.3611111111111111
2 0.978125 0.795138888888889 0.0421875 0.05694444444444444
