0 0.043359375000000006 0.7861111111111111 0.08671875000000001 0.16111111111111112
0 0.51796875 0.7534722222222222 0.1125 0.1513888888888889
0 0.10507812500000001 0.7291666666666667 0.06484375 0.07777777777777778
1 0.025390625 0.7388888888888889 0.04453125 0.06666666666666667
0 0.96484375 0.857638888888889 0.06875 0.2013888888888889
0 0.7371093750000001 0.7319444444444445 0.08671875000000001 0.09166666666666667
0 0.8542968750000001 0.7770833333333333 0.10859375 0.1513888888888889
2 0.978125 0.732638888888889 0.0421875 0.09583333333333334
1 0.9089843750000001 0.7243055555555555 0.08046875 0.08194444444444444
0 0.7972656250000001 0.7291666666666667 0.06484375 0.06666666666666667
