0 0.58359375 0.7909722222222223 0.13125 0.2263888888888889
0 0.675390625 0.8076388888888889 0.11796875000000001 0.2652777777777778
1 0.7777343750000001 0.8305555555555556 0.11796875000000001 0.24166666666666667
0 0.5339843750000001 0.15347222222222223 0.16171875000000002 0.2847222222222222
0 0.7152343750000001 0.5479166666666667 0.14296875 0.23194444444444445
2 0.655859375 0.30625 0.18671875000000002 0.3013888888888889
0 0.88046875 0.20555555555555557 0.1765625 0.23055555555555557
0 0.069140625 0.5555555555555556 0.13828125 0.3194444444444445
0 0.93359375 0.7375 0.109375 0.13611111111111113
0 0.8460937500000001 0.7034722222222223 0.07968750000000001 0.05694444444444444
2 0.223046875 0.7041666666666667 0.03515625 0.03333333333333333
0 0.9671875000000001 0.7000000000000001 0.06406250000000001 0.044444444444444446
