0 0.60078125 0.2673611111111111 0.1203125 0.3041666666666667
2 0.9765625 0.1076388888888889 0.045312500000000006 0.20416666666666666
0 0.55234375 0.7243055555555555 0.134375 0.3125
2 0.970703125 0.8326388888888889 0.057031250000000006 0.14027777777777778
0 0.710546875 0.8083333333333333 0.10859375 0.06666666666666667
0 0.8597656250000001 0.8527777777777779 0.15078125 0.1388888888888889
2 0.876171875 0.795138888888889 0.04453125 0.04583333333333334
0 0.79453125 0.9298611111111111 0.1765625 0.1375
1 0.3515625 0.9076388888888889 0.146875 0.17083333333333334
0 0.223046875 0.8923611111111112 0.10703125000000001 0.1763888888888889
1 0.110546875 0.820138888888889 0.09140625000000001 0.06805555555555556
0 0.03828125 0.8673611111111111 0.0765625 0.1375
