0 0.06484375 0.8625 0.12812500000000002 0.27222222222222225
0 0.39921875 0.725 0.1171875 0.14444444444444446
0 0.28203125 0.7076388888888889 0.05625 0.051388888888888894
0 0.468359375 0.12708333333333333 0.10234375000000001 0.22361111111111112
0 0.543359375 0.051388888888888894 0.09609375 0.10277777777777779
1 0.6980468750000001 0.6722222222222223 0.17109375000000002 0.3194444444444445
0 0.876171875 0.9284722222222223 0.11328125 0.14027777777777778
1 0.9390625 0.6430555555555556 0.1203125 0.2972222222222222
0 0.870703125 0.16041666666666668 0.12265625000000001 0.2513888888888889
0 0.9632812500000001 0.05763888888888889 0.0703125 0.11527777777777778
