0 0.12734375 0.8833333333333334 0.1296875 0.15
0 0.523828125 0.8854166666666667 0.14765625000000002 0.1902777777777778
0 0.669921875 0.8756944444444444 0.09609375 0.1763888888888889
0 0.946875 0.9125000000000001 0.1015625 0.17222222222222222
0 0.882421875 0.8631944444444445 0.09921875000000001 0.1513888888888889
1 0.855078125 0.9576388888888889 0.10078125 0.08194444444444444
0 0.7765625 0.8361111111111111 0.1171875 0.10833333333333334
0 0.7542968750000001 0.9395833333333333 0.09609375 0.11805555555555557
0 0.9714843750000001 0.8145833333333333 0.055468750000000004 0.08194444444444444
2 0.70234375 0.8125 0.029687500000000002 0.044444444444444446
2 0.35273437500000004 0.8083333333333333 0.10078125 0.036111111111111115
2 0.2078125 0.8138888888888889 0.043750000000000004 0.019444444444444445
