0 0.9390625 0.9125000000000001 0.1203125 0.16944444444444445
2 0.843359375 0.8006944444444445 0.07109375 0.04583333333333334
1 0.6531250000000001 0.788888888888889 0.051562500000000004 0.030555555555555558
1 0.550390625 0.826388888888889 0.11015625000000001 0.11388888888888889
0 0.5640625 0.9347222222222222 0.115625 0.1277777777777778
0 0.68125 0.8875000000000001 0.1296875 0.15555555555555556
0 0.42031250000000003 0.9090277777777778 0.1484375 0.1736111111111111
2 0.27187500000000003 0.9868055555555556 0.0625 0.02361111111111111
1 0.06601562500000001 0.9229166666666667 0.09453125000000001 0.1513888888888889
2 0.091796875 0.9708333333333333 0.049218750000000006 0.05555555555555556
2 0.35000000000000003 0.8027777777777778 0.07187500000000001 0.02777777777777778
