1 0.624609375 0.8506944444444445 0.21015625000000002 0.24027777777777778
1 0.44062500000000004 0.7090277777777778 0.13125 0.1375
0 0.72421875 0.3680555555555556 0.153125 0.20555555555555557
0 0.325 0.6555555555555556 0.109375 0.2
0 0.232421875 0.8006944444444445 0.13046875 0.19305555555555556
2 0.20625000000000002 0.7402777777777778 0.115625 0.12222222222222223
2 0.10546875 0.7041666666666667 0.0734375 0.044444444444444446
2 0.5609375 0.7055555555555556 0.053125000000000006 0.058333333333333334
0 0.769140625 0.9020833333333333 0.13046875 0.19305555555555556
0 0.9285156250000001 0.920138888888889 0.14140625 0.1513888888888889
0 0.9300781250000001 0.6569444444444444 0.12734375 0.18333333333333335
0 0.763671875 0.6513888888888889 0.10546875 0.22222222222222224
0 0.851171875 0.7645833333333334 0.09140625000000001 0.14583333333333334
0 0.925390625 0.8243055555555556 0.12421875 0.14583333333333334
2 0.9886718750000001 0.8722222222222222 0.02109375 0.08055555555555556
0 0.9554687500000001 0.05555555555555556 0.08750000000000001 0.11111111111111112
0 0.286328125 0.17916666666666667 0.16484375 0.23333333333333334
0 0.424609375 0.06875 0.14609375 0.1375
2 0.031640625 0.7263888888888889 0.06328125 0.08333333333333334
2 0.013281250000000001 0.8763888888888889 0.026562500000000003 0.10833333333333334
0 0.46406250000000004 0.8645833333333334 0.1265625 0.25972222222222224
