0 0.886328125 0.3388888888888889 0.16796875 0.24444444444444446
0 0.7269531250000001 0.27083333333333337 0.15703125 0.25833333333333336
0 0.32070312500000003 0.38472222222222224 0.16328125000000002 0.2388888888888889
0 0.190234375 0.46319444444444446 0.16796875 0.2763888888888889
0 0.28125 0.12430555555555556 0.15781250000000002 0.24583333333333335
2 0.055859375 0.0375 0.07578125000000001 0.07222222222222223
2 0.982421875 0.3729166666666667 0.03359375 0.19583333333333333
0 0.9636718750000001 0.6666666666666667 0.07109375 0.22777777777777777
2 0.9164062500000001 0.8277777777777778 0.1234375 0.15555555555555556
0 0.81796875 0.857638888888889 0.0890625 0.15694444444444444
2 0.75390625 0.7965277777777778 0.05625 0.043055555555555555
1 0.52109375 0.8652777777777778 0.078125 0.16111111111111112
2 0.646484375 0.8166666666666667 0.10078125 0.07777777777777778
2 0.7625000000000001 0.951388888888889 0.1296875 0.08888888888888889
0 0.7367187500000001 0.8673611111111111 0.078125 0.1125
1 0.4 0.8375 0.07968750000000001 0.11944444444444445
1 0.32265625000000003 0.9208333333333334 0.10625000000000001 0.15555555555555556
0 0.590234375 0.913888888888889 0.06953125 0.16944444444444445
0 0.63828125 0.9173611111111112 0.08125 0.1625
2 0.334765625 0.8180555555555555 0.06796875000000001 0.0638888888888889
2 0.03125 0.9465277777777779 0.0625 0.10416666666666667
