1 0.759375 0.7722222222222223 0.11875000000000001 0.2388888888888889
0 0.9632812500000001 0.8076388888888889 0.0703125 0.19305555555555556
0 0.890234375 0.7895833333333334 0.08671875000000001 0.17083333333333334
0 0.8597656250000001 0.6465277777777778 0.11484375000000001 0.14305555555555557
0 0.989453125 0.6493055555555556 0.01953125 0.08750000000000001
0 0.947265625 0.12708333333333333 0.10390625 0.25416666666666665
2 0.809765625 0.13819444444444445 0.11171875 0.2763888888888889
0 0.880078125 0.2152777777777778 0.10859375 0.21944444444444444
0 0.95234375 0.4166666666666667 0.084375 0.1527777777777778
2 0.96015625 0.5055555555555555 0.078125 0.09722222222222222
0 0.75703125 0.5916666666666667 0.07187500000000001 0.18333333333333335
0 0.6984375 0.6409722222222223 0.0765625 0.15416666666666667
0 0.6371093750000001 0.5951388888888889 0.04296875 0.1763888888888889
0 0.595703125 0.5583333333333333 0.07421875 0.15
0 0.6761718750000001 0.8305555555555556 0.06328125 0.20555555555555557
0 0.61875 0.8013888888888889 0.07968750000000001 0.18055555555555555
0 0.54140625 0.48125 0.051562500000000004 0.12638888888888888
2 0.6003906250000001 0.44930555555555557 0.04453125 0.059722222222222225
2 0.68515625 0.45416666666666666 0.059375000000000004 0.07222222222222223
2 0.708984375 0.28194444444444444 0.10703125000000001 0.23611111111111113
2 0.43671875000000004 0.7090277777777778 0.08750000000000001 0.09861111111111112
0 0.6218750000000001 0.9222222222222223 0.10625000000000001 0.06666666666666667
0 0.5222656250000001 0.7666666666666667 0.06484375 0.17777777777777778
0 0.5390625 0.65 0.09843750000000001 0.11944444444444445
0 0.861328125 0.5013888888888889 0.09140625000000001 0.11111111111111112
2 0.8140625 0.4173611111111111 0.1046875 0.1375
0 0.27773437500000003 0.6965277777777779 0.12734375 0.12638888888888888
0 0.039843750000000004 0.6583333333333333 0.07968750000000001 0.12222222222222223
0 0.09335937500000001 0.5576388888888889 0.08828125 0.12083333333333333
0 0.125390625 0.4791666666666667 0.07890625000000001 0.15
0 0.27187500000000003 0.45 0.08281250000000001 0.125
2 0.225 0.4361111111111111 0.0390625 0.06944444444444445
0 0.455859375 0.44722222222222224 0.06328125 0.07222222222222223
0 0.311328125 0.3965277777777778 0.06640625 0.15416666666666667
0 0.3828125 0.3201388888888889 0.11093750000000001 0.20416666666666666
0 0.284375 0.2555555555555556 0.1234375 0.17500000000000002
0 0.291796875 0.08055555555555556 0.16484375 0.15555555555555556
0 0.109765625 0.2652777777777778 0.10703125000000001 0.24444444444444446
0 0.05625 0.14444444444444446 0.1125 0.24722222222222223
2 0.012890625000000001 0.125 0.025781250000000002 0.08611111111111111
2 0.0027343750000000003 0.5576388888888889 0.0054687500000000005 0.0625
2 0.026953125 0.3458333333333333 0.05390625 0.10833333333333334
