0 0.509765625 0.8368055555555556 0.13046875 0.20416666666666666
0 0.22265625 0.8145833333333333 0.1546875 0.2263888888888889
0 0.07968750000000001 0.8173611111111111 0.11093750000000001 0.17083333333333334
1 0.17148437500000002 0.43194444444444446 0.21015625000000002 0.3611111111111111
0 0.38593750000000004 0.6479166666666667 0.140625 0.2263888888888889
0 0.34492187500000004 0.06180555555555556 0.10859375 0.12361111111111112
2 0.598828125 0.7305555555555556 0.12890625 0.09722222222222222
2 0.7289062500000001 0.7125 0.0703125 0.05555555555555556
2 0.91328125 0.9333333333333333 0.171875 0.13055555555555556
1 0.821875 0.757638888888889 0.1203125 0.14027777777777778
0 0.9125000000000001 0.8243055555555556 0.11093750000000001 0.13472222222222222
2 0.860546875 0.7215277777777778 0.06171875 0.08194444444444444
2 0.9226562500000001 0.7097222222222223 0.060937500000000006 0.05277777777777778
0 0.978515625 0.7631944444444445 0.041406250000000006 0.1486111111111111
2 0.013281250000000001 0.9638888888888889 0.026562500000000003 0.0638888888888889
