0 0.571875 0.12361111111111112 0.15000000000000002 0.23611111111111113
2 0.9710937500000001 0.9361111111111111 0.051562500000000004 0.125
0 0.9027343750000001 0.8340277777777778 0.07421875 0.12638888888888888
1 0.809765625 0.8972222222222223 0.16015625 0.18888888888888888
0 0.2984375 0.6569444444444444 0.12812500000000002 0.28611111111111115
1 0.1546875 0.8444444444444444 0.12812500000000002 0.11944444444444445
2 0.20039062500000002 0.8944444444444445 0.13671875 0.14722222222222223
0 0.32421875 0.8118055555555556 0.0546875 0.06527777777777778
0 0.37812500000000004 0.8527777777777779 0.0859375 0.13333333333333333
2 0.6984375 0.7979166666666667 0.053125000000000006 0.04583333333333334
2 0.15703125 0.9534722222222223 0.1203125 0.09027777777777778
