0 0.151171875 0.8520833333333334 0.10703125000000001 0.10138888888888889
0 0.051953125 0.882638888888889 0.06484375 0.10694444444444445
2 0.06015625 0.8104166666666667 0.10312500000000001 0.04583333333333334
0 0.507421875 0.9368055555555556 0.07734375 0.12361111111111112
0 0.548828125 0.8145833333333333 0.11171875 0.07361111111111111
0 0.65 0.8763888888888889 0.11093750000000001 0.16111111111111112
1 0.6781250000000001 0.8027777777777778 0.060937500000000006 0.05
1 0.9144531250000001 0.83125 0.08828125 0.10694444444444445
0 0.950390625 0.951388888888889 0.09765625 0.08888888888888889
0 0.97265625 0.8125 0.053125000000000006 0.09444444444444444
1 0.671484375 0.9729166666666667 0.08828125 0.051388888888888894
2 0.8328125000000001 0.8166666666666667 0.10312500000000001 0.08611111111111111
