0 0.29765625 0.25625000000000003 0.15156250000000002 0.24583333333333335
0 0.08085937500000001 0.7180555555555556 0.12421875 0.3138888888888889
1 0.117578125 0.18819444444444444 0.15703125 0.3597222222222222
2 0.327734375 0.9444444444444445 0.15078125 0.10833333333333334
1 0.5015625 0.8569444444444445 0.15625 0.15833333333333333
1 0.80078125 0.8722222222222222 0.1421875 0.20277777777777778
2 0.6277343750000001 0.7965277777777778 0.08203125 0.0375
2 0.19062500000000002 0.9583333333333334 0.043750000000000004 0.08055555555555556
2 0.9535156250000001 0.7875 0.09140625000000001 0.03888888888888889
2 0.9859375 0.8520833333333334 0.026562500000000003 0.08194444444444444
