0 0.40234375 0.9187500000000001 0.1484375 0.15972222222222224
0 0.063671875 0.9715277777777778 0.12734375 0.05416666666666667
2 0.5476562500000001 0.7916666666666667 0.07968750000000001 0.03888888888888889
2 0.8773437500000001 0.7972222222222223 0.051562500000000004 0.05
1 0.862890625 0.8861111111111112 0.12421875 0.21666666666666667
0 0.696484375 0.8895833333333334 0.12734375 0.21805555555555556
0 0.587890625 0.9166666666666667 0.15390625000000002 0.1638888888888889
0 0.7835937500000001 0.8979166666666667 0.07187500000000001 0.1125
0 0.9710937500000001 0.9368055555555556 0.05625 0.08472222222222223
2 0.99375 0.8701388888888889 0.010937500000000001 0.06805555555555556
2 0.978125 0.9854166666666667 0.0421875 0.02638888888888889
