0 0.88671875 0.7145833333333333 0.1015625 0.2152777777777778
0 0.962109375 0.70625 0.07421875 0.17916666666666667
0 0.92890625 0.9048611111111111 0.1171875 0.12638888888888888
0 0.73984375 0.6465277777777778 0.0921875 0.20416666666666666
0 0.8718750000000001 0.49236111111111114 0.14375000000000002 0.13472222222222222
1 0.9734375000000001 0.49375 0.051562500000000004 0.12638888888888888
0 0.7507812500000001 0.4840277777777778 0.06406250000000001 0.11805555555555557
0 0.256640625 0.48958333333333337 0.08828125 0.15416666666666667
2 0.30234375 0.44097222222222227 0.034375 0.06805555555555556
0 0.5234375 0.4701388888888889 0.08125 0.10972222222222222
1 0.611328125 0.6166666666666667 0.13046875 0.23611111111111113
0 0.541015625 0.59375 0.032031250000000004 0.07361111111111111
0 0.691015625 0.4930555555555556 0.09609375 0.11111111111111112
0 0.6484375 0.43819444444444444 0.0484375 0.03194444444444445
0 0.5945312500000001 0.4590277777777778 0.06875 0.08194444444444444
