2 0.12109375 0.17569444444444446 0.240625 0.2625
0 0.7097656250000001 0.5180555555555556 0.16484375 0.2388888888888889
0 0.02734375 0.8555555555555556 0.0546875 0.09444444444444444
0 0.03828125 0.763888888888889 0.0765625 0.15833333333333333
2 0.17500000000000002 0.76875 0.10625000000000001 0.17083333333333334
2 0.40390625 0.7152777777777778 0.08750000000000001 0.08055555555555556
0 0.6097656250000001 0.7402777777777778 0.08828125 0.13611111111111113
0 0.7058593750000001 0.7041666666666667 0.13828125 0.10833333333333334
1 0.88984375 0.8236111111111112 0.12187500000000001 0.18333333333333335
2 0.9554687500000001 0.7722222222222223 0.059375000000000004 0.19444444444444445
