0 0.778515625 0.17291666666666666 0.17265625 0.28750000000000003
0 0.538671875 0.08750000000000001 0.20546875 0.17500000000000002
0 0.25820312500000003 0.7270833333333334 0.09921875000000001 0.24583333333333335
0 0.0734375 0.7180555555555556 0.11875000000000001 0.17222222222222222
2 0.207421875 0.9666666666666667 0.16953125000000002 0.0638888888888889
0 0.685546875 0.8270833333333334 0.12890625 0.17916666666666667
0 0.51953125 0.8381944444444445 0.1859375 0.25972222222222224
0 0.7777343750000001 0.9423611111111111 0.09921875000000001 0.1125
0 0.9675781250000001 0.7222222222222222 0.05390625 0.08333333333333334
0 0.891796875 0.7277777777777779 0.05234375 0.1
0 0.8265625000000001 0.7145833333333333 0.07187500000000001 0.06527777777777778
2 0.7152343750000001 0.7138888888888889 0.10078125 0.06666666666666667
2 0.6273437500000001 0.6993055555555556 0.029687500000000002 0.05416666666666667
0 0.216796875 0.7451388888888889 0.04453125 0.09861111111111112
2 0.162890625 0.7194444444444444 0.06796875000000001 0.058333333333333334
1 0.82421875 0.8604166666666667 0.1640625 0.27361111111111114
0 0.930859375 0.8833333333333334 0.13359375 0.23055555555555557
