0 0.182421875 0.8652777777777778 0.19140625 0.18611111111111112
0 0.055859375 0.8381944444444445 0.11171875 0.16527777777777777
0 0.034765625 0.7381944444444445 0.06953125 0.09305555555555556
2 0.17421875 0.7048611111111112 0.0421875 0.0375
0 0.37929687500000003 0.8368055555555556 0.11953125 0.17916666666666667
0 0.45039062500000004 0.7270833333333334 0.07421875 0.08194444444444444
2 0.33984375 0.7000000000000001 0.037500000000000006 0.025
0 0.5593750000000001 0.8708333333333333 0.1421875 0.24444444444444446
0 0.6515625 0.8006944444444445 0.12812500000000002 0.19583333333333333
1 0.79296875 0.7430555555555556 0.12187500000000001 0.13055555555555556
0 0.7269531250000001 0.7708333333333334 0.09140625000000001 0.13611111111111113
2 0.9089843750000001 0.7361111111111112 0.10234375000000001 0.08055555555555556
2 0.9242187500000001 0.9027777777777778 0.13593750000000002 0.14722222222222223
0 0.981640625 0.7069444444444445 0.03515625 0.05
2 0.8425781250000001 0.6902777777777778 0.030468750000000003 0.02777777777777778
2 0.09609375 0.7111111111111111 0.046875 0.03333333333333333
