0 0.6220338983050847 0.3532608695652174 0.1152542372881356 0.0891304347826087
0 0.46271186440677964 0.34782608695652173 0.10508474576271186 0.11304347826086956
0 0.5347457627118644 0.35434782608695653 0.05254237288135593 0.12173913043478261
2 0.926271186440678 0.4717391304347826 0.09661016949152543 0.1565217391304348
2 0.8254237288135593 0.3282608695652174 0.1152542372881356 0.09130434782608696
0 0.7567796610169492 0.32065217391304346 0.059322033898305086 0.058695652173913045
2 0.9254237288135593 0.35543478260869565 0.0847457627118644 0.1108695652173913
0 0.923728813559322 0.47608695652173916 0.0983050847457627 0.16521739130434782
2 0.9872881355932203 0.3652173913043478 0.022033898305084745 0.0782608695652174
2 0.19152542372881357 0.29130434782608694 0.11186440677966102 0.0391304347826087
