2 0.5271186440677966 0.7423913043478261 0.1694915254237288 0.17608695652173914
2 0.45847457627118643 0.3869565217391304 0.13389830508474576 0.11739130434782609
0 0.6550847457627118 0.32065217391304346 0.059322033898305086 0.06739130434782609
1 0.7906779661016949 0.43043478260869567 0.11694915254237288 0.12173913043478261
0 0.7449152542372881 0.35108695652173916 0.06949152542372881 0.10652173913043478
0 0.8050847457627118 0.3521739130434783 0.09152542372881356 0.12608695652173912
2 0.9440677966101695 0.22391304347826088 0.10847457627118644 0.16521739130434782
2 0.8398305084745763 0.33369565217391306 0.05254237288135593 0.08478260869565217
2 0.9008474576271186 0.3347826086956522 0.09322033898305085 0.08695652173913043
2 0.95 0.3076086956521739 0.03559322033898305 0.01956521739130435
