2 0.39915254237288134 0.8 0.20169491525423727 0.1956521739130435
0 0.5288135593220339 0.5445652173913044 0.10169491525423728 0.14565217391304347
0 0.35338983050847456 0.3467391304347826 0.10677966101694915 0.13260869565217392
0 0.5550847457627118 0.40652173913043477 0.08305084745762711 0.12608695652173912
2 0.7288135593220338 0.425 0.0847457627118644 0.13695652173913045
2 0.7974576271186441 0.33695652173913043 0.07966101694915254 0.08695652173913043
0 0.42457627118644065 0.3010869565217391 0.09661016949152543 0.13260869565217392
2 0.521186440677966 0.27608695652173915 0.08305084745762711 0.12608695652173912
2 0.9576271186440678 0.3858695652173913 0.08135593220338982 0.11956521739130435
2 0.6440677966101694 0.31521739130434784 0.05084745762711864 0.052173913043478265
2 0.5796610169491525 0.31521739130434784 0.05084745762711864 0.06086956521739131
2 0.9805084745762711 0.3108695652173913 0.03559322033898305 0.026086956521739132
