0 0.3288135593220339 0.3467391304347826 0.13898305084745763 0.13695652173913045
1 0.1923728813559322 0.8402173913043478 0.20508474576271185 0.21956521739130436
1 0.735593220338983 0.43478260869565216 0.10169491525423728 0.12608695652173912
1 0.8872881355932203 0.44782608695652176 0.08983050847457627 0.15217391304347827
1 0.8245762711864406 0.4597826086956522 0.07966101694915254 0.13260869565217392
2 0.8610169491525423 0.5782608695652174 0.10508474576271186 0.17391304347826086
0 0.9457627118644067 0.29239130434782606 0.10169491525423728 0.1108695652173913
0 0.9525423728813559 0.37282608695652175 0.09152542372881356 0.09347826086956522
2 0.6491525423728813 0.341304347826087 0.0711864406779661 0.10434782608695653
0 0.861864406779661 0.3532608695652174 0.09999999999999999 0.11521739130434783
