2 0.785593220338983 0.5630434782608695 0.11694915254237288 0.11739130434782609
2 0.6864406779661016 0.5228260869565218 0.1152542372881356 0.15869565217391304
0 0.3906779661016949 0.3239130434782609 0.08983050847457627 0.08695652173913043
2 0.5728813559322034 0.35 0.10847457627118644 0.11739130434782609
0 0.45932203389830506 0.41630434782608694 0.09152542372881356 0.15
0 0.8245762711864406 0.3869565217391304 0.1271186440677966 0.13043478260869565
0 0.7 0.3847826086956522 0.13559322033898305 0.10434782608695653
0 0.9584745762711864 0.40217391304347827 0.07966101694915254 0.14347826086956522
0 0.5161016949152543 0.2619565217391304 0.10338983050847457 0.13695652173913045
0 0.5364406779661017 0.4271739130434783 0.10677966101694915 0.10217391304347827
