2 0.6923728813559322 0.4141304347826087 0.09999999999999999 0.12391304347826088
0 0.8076271186440678 0.3760869565217391 0.11694915254237288 0.09130434782608696
0 0.9508474576271186 0.39021739130434785 0.09491525423728814 0.10217391304347827
2 0.9279661016949152 0.4815217391304348 0.09999999999999999 0.13695652173913045
0 0.6525423728813559 0.5282608695652175 0.10847457627118644 0.12608695652173912
2 0.5576271186440678 0.4815217391304348 0.09491525423728814 0.13695652173913045
2 0.5567796610169491 0.38369565217391305 0.10338983050847457 0.11521739130434783
0 0.13898305084745763 0.3576086956521739 0.10508474576271186 0.09782608695652174
2 0.03898305084745762 0.35434782608695653 0.07796610169491525 0.0782608695652174
2 0.3508474576271186 0.4141304347826087 0.12542372881355932 0.1282608695652174
2 0.4076271186440678 0.4641304347826087 0.10677966101694915 0.13260869565217392
0 0.46355932203389827 0.3869565217391304 0.08644067796610169 0.12608695652173912
0 0.8177966101694915 0.4706521739130435 0.1135593220338983 0.10217391304347827
