0 0.6127118644067796 0.44782608695652176 0.10677966101694915 0.13043478260869565
0 0.8669491525423728 0.4217391304347826 0.10338983050847457 0.09565217391304348
0 0.9796610169491525 0.44456521739130433 0.03728813559322034 0.09347826086956522
0 0.9313559322033899 0.5782608695652174 0.09661016949152543 0.11304347826086956
0 0.9567796610169491 0.6489130434782608 0.08305084745762711 0.07173913043478261
0 0.5152542372881356 0.46304347826086956 0.06101694915254237 0.1391304347826087
0 0.4576271186440678 0.4097826086956522 0.04745762711864407 0.11521739130434783
0 0.5432203389830508 0.3456521739130435 0.08644067796610169 0.05652173913043478
2 0.6652542372881356 0.34456521739130436 0.05254237288135593 0.041304347826086954
0 0.7483050847457627 0.35 0.06610169491525424 0.06086956521739131
0 0.7127118644067797 0.42934782608695654 0.07288135593220339 0.08043478260869566
0 0.7830508474576271 0.44456521739130433 0.0711864406779661 0.09782608695652174
2 0.21271186440677967 0.32608695652173914 0.07966101694915254 0.0391304347826087
