0 0.09152542372881356 0.3815217391304348 0.06779661016949153 0.10652173913043478
0 0.6847457627118644 0.43369565217391304 0.08135593220338982 0.09782608695652174
0 0.9635593220338983 0.5445652173913044 0.06949152542372881 0.08478260869565217
0 0.8516949152542372 0.4391304347826087 0.06949152542372881 0.12608695652173912
0 0.8686440677966102 0.35978260869565215 0.08644067796610169 0.058695652173913045
0 0.961864406779661 0.3315217391304348 0.07288135593220339 0.10652173913043478
0 0.9432203389830508 0.4391304347826087 0.10338983050847457 0.09130434782608696
0 0.788135593220339 0.391304347826087 0.05084745762711864 0.12173913043478261
0 0.7254237288135593 0.3565217391304348 0.08135593220338982 0.04782608695652174
0 0.6296610169491526 0.3804347826086957 0.09661016949152543 0.06521739130434782
2 0.0923728813559322 0.32282608695652176 0.07288135593220339 0.02826086956521739
2 0.6440677966101694 0.3402173913043478 0.0711864406779661 0.03695652173913044
2 0.985593220338983 0.3891304347826087 0.02542372881355932 0.030434782608695653
2 0.5813559322033898 0.33369565217391306 0.03728813559322034 0.01956521739130435
