0 0.59609375 0.4614583333333333 0.1609375 0.14791666666666667
0 0.11796875000000001 0.3854166666666667 0.1203125 0.12083333333333333
2 0.0390625 0.34270833333333334 0.046875 0.08958333333333333
0 0.0421875 0.4864583333333333 0.084375 0.11041666666666666
0 0.66015625 0.8552083333333333 0.1171875 0.14375
0 0.3921875 0.43124999999999997 0.11875000000000001 0.1375
0 0.26953125 0.4864583333333333 0.1203125 0.15625
0 0.93515625 0.5416666666666666 0.11093750000000001 0.15416666666666667
0 0.9320312500000001 0.6802083333333333 0.1234375 0.13958333333333334
2 0.7156250000000001 0.41354166666666664 0.053125000000000006 0.05625
