0 0.39576271186440676 0.36195652173913045 0.05593220338983051 0.08478260869565217
0 0.6525423728813559 0.4032608695652174 0.04067796610169491 0.08478260869565217
0 0.7779661016949152 0.44456521739130433 0.0983050847457627 0.09782608695652174
0 0.8322033898305085 0.39456521739130435 0.09491525423728814 0.08478260869565217
0 0.8805084745762711 0.3630434782608696 0.09999999999999999 0.08260869565217391
0 0.8838983050847458 0.5141304347826087 0.10677966101694915 0.10217391304347827
0 0.6288135593220339 0.3010869565217391 0.0847457627118644 0.11956521739130435
0 0.7093220338983051 0.35434782608695653 0.06610169491525424 0.08260869565217391
2 0.9483050847457627 0.908695652173913 0.05593220338983051 0.04782608695652174
2 0.6677966101694915 0.8586956521739131 0.05084745762711864 0.052173913043478265
