0 0.08728813559322034 0.391304347826087 0.09661016949152543 0.10869565217391304
0 0.22542372881355932 0.35108695652173916 0.07796610169491525 0.08478260869565217
0 0.3 0.39565217391304347 0.06440677966101695 0.12173913043478261
0 0.34067796610169493 0.3521739130434783 0.09152542372881356 0.06956521739130435
0 0.5322033898305084 0.43043478260869567 0.10508474576271186 0.06521739130434782
0 0.6135593220338983 0.4206521739130435 0.06779661016949153 0.09347826086956522
0 0.6254237288135593 0.358695652173913 0.04745762711864407 0.06956521739130435
0 0.7889830508474576 0.40108695652173915 0.07288135593220339 0.13695652173913045
0 0.7161016949152542 0.3630434782608696 0.06610169491525424 0.07391304347826087
2 0.46440677966101696 0.3293478260869565 0.03389830508474576 0.015217391304347827
