0 0.17288135593220338 0.4782608695652174 0.11864406779661017 0.12173913043478261
0 0.3076271186440678 0.5141304347826087 0.12372881355932203 0.08478260869565217
0 0.36271186440677966 0.3532608695652174 0.10508474576271186 0.10217391304347827
0 0.44152542372881354 0.42934782608695654 0.09999999999999999 0.14130434782608695
0 0.5940677966101695 0.4173913043478261 0.09661016949152543 0.0782608695652174
0 0.6245762711864407 0.5521739130434783 0.06949152542372881 0.13478260869565217
0 0.7084745762711864 0.575 0.0847457627118644 0.12391304347826088
0 0.8830508474576271 0.5347826086956522 0.11186440677966102 0.09130434782608696
0 0.8084745762711865 0.5043478260869565 0.07796610169491525 0.14782608695652175
0 0.8033898305084746 0.3804347826086957 0.09491525423728814 0.0782608695652174
0 0.8686440677966102 0.41956521739130437 0.11694915254237288 0.1
2 0.95 0.3456521739130435 0.07288135593220339 0.06086956521739131
0 0.8957627118644067 0.6315217391304347 0.11694915254237288 0.13260869565217392
0 0.7550847457627119 0.4641304347826087 0.07288135593220339 0.1108695652173913
0 0.5779661016949152 0.35434782608695653 0.10847457627118644 0.06086956521739131
