0 0.3423728813559322 0.35978260869565215 0.06440677966101695 0.09347826086956522
2 0.4771186440677966 0.3467391304347826 0.04576271186440678 0.05
2 0.6830508474576271 0.33804347826086956 0.04406779661016949 0.01956521739130435
0 0.7025423728813559 0.44456521739130433 0.09999999999999999 0.15
0 0.6923728813559322 0.5652173913043478 0.11016949152542373 0.11304347826086956
0 0.6923728813559322 0.6793478260869565 0.1271186440677966 0.12391304347826088
0 0.8271186440677966 0.5760869565217391 0.10169491525423728 0.16086956521739132
0 0.9483050847457627 0.65 0.09999999999999999 0.11739130434782609
0 0.9669491525423729 0.5054347826086957 0.06271186440677966 0.04565217391304348
0 0.9406779661016949 0.4217391304347826 0.10169491525423728 0.12173913043478261
0 0.8228813559322034 0.3739130434782609 0.06610169491525424 0.09565217391304348
0 0.8228813559322034 0.45869565217391306 0.09661016949152543 0.11739130434782609
0 0.788135593220339 0.841304347826087 0.09152542372881356 0.10434782608695653
