0 0.33728813559322035 0.42391304347826086 0.10508474576271186 0.14782608695652175
0 0.4771186440677966 0.41847826086956524 0.06610169491525424 0.12391304347826088
0 0.521186440677966 0.3706521739130435 0.08644067796610169 0.0891304347826087
0 0.6194915254237288 0.34891304347826085 0.09661016949152543 0.05434782608695652
0 0.6169491525423728 0.5184782608695653 0.09491525423728814 0.1282608695652174
0 0.6898305084745763 0.5847826086956521 0.10508474576271186 0.08260869565217391
0 0.697457627118644 0.6739130434782609 0.10677966101694915 0.11739130434782609
0 0.8211864406779661 0.7478260869565218 0.11016949152542373 0.1565217391304348
0 0.9398305084745763 0.6771739130434783 0.10677966101694915 0.11521739130434783
0 0.9381355932203389 0.5815217391304348 0.12033898305084745 0.0891304347826087
0 0.9203389830508474 0.48586956521739133 0.10169491525423728 0.11956521739130435
0 0.9627118644067796 0.41847826086956524 0.0711864406779661 0.07173913043478261
2 0.9694915254237287 0.358695652173913 0.0576271186440678 0.052173913043478265
0 0.8220338983050848 0.3652173913043478 0.11186440677966102 0.0782608695652174
0 0.8033898305084746 0.4326086956521739 0.1152542372881356 0.09130434782608696
2 0.8864406779661017 0.33804347826086956 0.03389830508474576 0.01956521739130435
0 0.673728813559322 0.4043478260869565 0.06949152542372881 0.1
0 0.6483050847457626 0.4543478260869565 0.11694915254237288 0.0782608695652174
