2 0.8584745762711864 0.06630434782608696 0.13389830508474576 0.13260869565217392
0 0.861864406779661 0.31521739130434784 0.11694915254237288 0.13043478260869565
0 0.5889830508474576 0.2728260869565217 0.059322033898305086 0.14130434782608695
0 0.5 0.31630434782608696 0.06440677966101695 0.10652173913043478
0 0.4347457627118644 0.30434782608695654 0.04915254237288135 0.15217391304347827
0 0.17372881355932202 0.225 0.11694915254237288 0.08043478260869566
0 0.05254237288135593 0.5510869565217391 0.04745762711864407 0.13260869565217392
0 0.3508474576271186 0.6739130434782609 0.0983050847457627 0.09130434782608696
2 0.4330508474576271 0.6076086956521739 0.06610169491525424 0.17173913043478262
0 0.5152542372881356 0.6141304347826088 0.05423728813559322 0.1282608695652174
0 0.473728813559322 0.7445652173913043 0.10338983050847457 0.06739130434782609
0 0.435593220338983 0.8282608695652174 0.10847457627118644 0.10869565217391304
0 0.6601694915254237 0.6521739130434783 0.10677966101694915 0.05652173913043478
0 0.6423728813559322 0.5652173913043478 0.0983050847457627 0.10434782608695653
0 0.6957627118644067 0.7260869565217392 0.10677966101694915 0.10434782608695653
0 0.7864406779661016 0.6684782608695652 0.10508474576271186 0.07608695652173914
0 0.2906779661016949 0.47282608695652173 0.06271186440677966 0.13695652173913045
0 0.21525423728813559 0.47282608695652173 0.07457627118644068 0.12391304347826088
0 0.31949152542372883 0.35434782608695653 0.07966101694915254 0.09565217391304348
0 0.24237288135593218 0.35434782608695653 0.06101694915254237 0.08260869565217391
0 0.14491525423728813 0.4206521739130435 0.06610169491525424 0.11521739130434783
0 0.04915254237288135 0.31521739130434784 0.0983050847457627 0.09130434782608696
0 0.027966101694915254 0.3630434782608696 0.05593220338983051 0.04782608695652174
0 0.18220338983050846 0.3391304347826087 0.07288135593220339 0.052173913043478265
2 0.12033898305084745 0.33369565217391306 0.03389830508474576 0.058695652173913045
0 0.5016949152542373 0.5065217391304347 0.09491525423728814 0.06521739130434782
0 0.5423728813559322 0.44130434782608696 0.0983050847457627 0.0782608695652174
0 0.6398305084745762 0.45869565217391306 0.08983050847457627 0.09565217391304348
0 0.7322033898305085 0.44021739130434784 0.0983050847457627 0.0891304347826087
0 0.7279661016949153 0.3576086956521739 0.06271186440677966 0.05434782608695652
0 0.8305084745762712 0.46304347826086956 0.10169491525423728 0.10434782608695653
0 0.7813559322033898 0.5119565217391304 0.10508474576271186 0.06304347826086956
0 0.7728813559322034 0.5739130434782609 0.1152542372881356 0.07391304347826087
0 0.8703389830508474 0.5934782608695652 0.09661016949152543 0.06086956521739131
0 0.9152542372881356 0.49130434782608695 0.0711864406779661 0.11739130434782609
0 0.964406779661017 0.55 0.04406779661016949 0.12608695652173912
0 0.9694915254237287 0.6663043478260869 0.0576271186440678 0.10217391304347827
0 0.9533898305084746 0.7597826086956522 0.08983050847457627 0.09347826086956522
0 0.42457627118644065 0.4380434782608696 0.059322033898305086 0.14565217391304347
2 0.9203389830508474 0.35434782608695653 0.03728813559322034 0.05652173913043478
2 0.8652542372881356 0.7076086956521739 0.03898305084745762 0.15
2 0.7567796610169492 0.9510869565217391 0.05593220338983051 0.09347826086956522
2 0.5822033898305085 0.8445652173913044 0.06271186440677966 0.04565217391304348
2 0.9694915254237287 0.8576086956521739 0.0576271186440678 0.04565217391304348
0 0.6262711864406779 0.3815217391304348 0.08644067796610169 0.058695652173913045
