0 0.5135593220338983 0.20652173913043478 0.06779661016949153 0.17391304347826086
0 0.40932203389830507 0.16521739130434782 0.12033898305084745 0.1391304347826087
0 0.22203389830508474 0.2619565217391304 0.07457627118644068 0.13695652173913045
0 0.04406779661016949 0.15760869565217392 0.08813559322033898 0.15
0 0.07881355932203389 0.27608695652173915 0.06610169491525424 0.1
0 0.02288135593220339 0.26304347826086955 0.04576271186440678 0.13043478260869565
0 0.1313559322033898 0.35978260869565215 0.05593220338983051 0.08043478260869566
0 0.2093220338983051 0.39456521739130435 0.0423728813559322 0.09347826086956522
0 0.2483050847457627 0.44021739130434784 0.07627118644067796 0.11521739130434783
0 0.24576271186440676 0.5456521739130434 0.0711864406779661 0.11739130434782609
0 0.31101694915254235 0.5891304347826087 0.08305084745762711 0.12173913043478261
0 0.1635593220338983 0.5086956521739131 0.07627118644067796 0.13043478260869565
0 0.07966101694915254 0.5173913043478261 0.09491525423728814 0.1
0 0.3542372881355932 0.3673913043478261 0.06101694915254237 0.09130434782608696
0 0.4288135593220339 0.3967391304347826 0.08135593220338982 0.10217391304347827
0 0.5279661016949152 0.41956521739130437 0.06271186440677966 0.11304347826086956
0 0.5296610169491526 0.34456521739130436 0.05593220338983051 0.06304347826086956
2 0.4228813559322034 0.33260869565217394 0.07288135593220339 0.04782608695652174
0 0.4389830508474576 0.5032608695652174 0.0983050847457627 0.10217391304347827
0 0.4322033898305085 0.6065217391304348 0.10508474576271186 0.08695652173913043
0 0.5406779661016949 0.658695652173913 0.06101694915254237 0.13478260869565217
0 0.6016949152542372 0.6902173913043478 0.06440677966101695 0.14130434782608695
0 0.6406779661016949 0.6043478260869565 0.1152542372881356 0.06956521739130435
0 0.5940677966101695 0.5315217391304348 0.1135593220338983 0.06739130434782609
0 0.661864406779661 0.4717391304347826 0.09322033898305085 0.10434782608695653
0 0.6745762711864407 0.36630434782608695 0.07457627118644068 0.07608695652173914
0 0.7457627118644068 0.4217391304347826 0.09152542372881356 0.08260869565217391
0 0.85 0.4565217391304348 0.11016949152542373 0.06956521739130435
0 0.9516949152542372 0.5510869565217391 0.04915254237288135 0.14130434782608695
0 0.9779661016949153 0.6597826086956522 0.04067796610169491 0.06739130434782609
2 0.9601694915254237 0.3739130434782609 0.07627118644067796 0.08695652173913043
2 0.9838983050847457 0.3 0.0288135593220339 0.052173913043478265
0 0.8796610169491526 0.3641304347826087 0.07457627118644068 0.07173913043478261
0 0.8008474576271186 0.35543478260869565 0.09322033898305085 0.058695652173913045
0 0.5288135593220339 0.8358695652173913 0.10847457627118644 0.10652173913043478
0 0.4271186440677966 0.3347826086956522 0.0711864406779661 0.034782608695652174
0 0.9788135593220338 0.4565217391304348 0.03898305084745762 0.07391304347826087
0 0.20677966101694914 0.33804347826086956 0.11864406779661017 0.05
2 0.4694915254237288 0.9597826086956522 0.08813559322033898 0.07608695652173914
2 0.9449152542372881 0.9097826086956522 0.05593220338983051 0.07608695652173914
2 0.3016949152542373 0.9608695652173913 0.06101694915254237 0.07391304347826087
