0 0.26101694915254237 0.3923913043478261 0.10508474576271186 0.11956521739130435
2 0.15847457627118644 0.33260869565217394 0.06949152542372881 0.04782608695652174
0 0.7728813559322034 0.3706521739130435 0.10508474576271186 0.07608695652173914
0 0.8771186440677966 0.26521739130434785 0.07627118644067796 0.14347826086956522
1 0.8635593220338983 0.532608695652174 0.09661016949152543 0.1391304347826087
0 0.9516949152542372 0.6597826086956522 0.09322033898305085 0.11521739130434783
0 0.9627118644067796 0.5032608695652174 0.0711864406779661 0.058695652173913045
0 0.7864406779661016 0.533695652173913 0.09152542372881356 0.14130434782608695
0 0.835593220338983 0.3967391304347826 0.04067796610169491 0.11956521739130435
1 0.8966101694915254 0.4380434782608696 0.06779661016949153 0.15434782608695652
2 0.9838983050847457 0.4380434782608696 0.0288135593220339 0.07173913043478261
2 0.9923728813559322 0.5880434782608696 0.011864406779661017 0.058695652173913045
0 0.9576271186440678 0.8369565217391305 0.08135593220338982 0.10434782608695653
