0 0.338135593220339 0.4652173913043478 0.08644067796610169 0.11304347826086956
0 0.4533898305084746 0.4282608695652174 0.07288135593220339 0.09565217391304348
0 0.5169491525423728 0.48586956521739133 0.0847457627118644 0.1282608695652174
0 0.611864406779661 0.5315217391304348 0.08813559322033898 0.12391304347826088
0 0.7127118644067797 0.5652173913043478 0.07627118644067796 0.1391304347826087
0 0.7406779661016949 0.38804347826086955 0.09152542372881356 0.10217391304347827
0 0.614406779661017 0.41630434782608694 0.08305084745762711 0.10217391304347827
0 0.5127118644067796 0.35 0.09661016949152543 0.05652173913043478
0 0.8677966101694915 0.3869565217391304 0.10847457627118644 0.06521739130434782
0 0.8084745762711865 0.49782608695652175 0.07457627118644068 0.15217391304347827
0 0.8991525423728813 0.5445652173913044 0.06949152542372881 0.12391304347826088
0 0.9745762711864406 0.4543478260869565 0.04745762711864407 0.07391304347826087
0 0.9745762711864406 0.3815217391304348 0.04745762711864407 0.058695652173913045
1 0.9669491525423729 0.5565217391304348 0.06271186440677966 0.08695652173913043
0 0.8966101694915254 0.6880434782608695 0.08813559322033898 0.14130434782608695
0 0.811864406779661 0.8565217391304348 0.13220338983050847 0.11304347826086956
