2 0.1711864406779661 0.32608695652173914 0.05084745762711864 0.0391304347826087
0 0.6796610169491525 0.46304347826086956 0.06779661016949153 0.1391304347826087
0 0.4822033898305085 0.4271739130434783 0.08644067796610169 0.0891304347826087
0 0.4788135593220339 0.3521739130434783 0.07627118644067796 0.07391304347826087
0 0.5135593220338983 0.3358695652173913 0.03728813559322034 0.02826086956521739
0 0.6169491525423728 0.3869565217391304 0.07796610169491525 0.10434782608695653
0 0.5508474576271186 0.3891304347826087 0.05084745762711864 0.11739130434782609
0 0.7635593220338983 0.5684782608695652 0.05254237288135593 0.11956521739130435
0 0.771186440677966 0.48695652173913045 0.0711864406779661 0.1391304347826087
0 0.823728813559322 0.4771739130434783 0.05084745762711864 0.058695652173913045
0 0.8796610169491526 0.4880434782608696 0.06779661016949153 0.1282608695652174
0 0.8601694915254237 0.4032608695652174 0.08644067796610169 0.05434782608695652
0 0.9033898305084745 0.35543478260869565 0.0983050847457627 0.05
0 0.9745762711864406 0.4032608695652174 0.04745762711864407 0.07608695652173914
2 0.983050847457627 0.33804347826086956 0.030508474576271184 0.05434782608695652
2 0.7322033898305085 0.33804347826086956 0.04067796610169491 0.01956521739130435
2 0.4177966101694915 0.3282608695652174 0.03559322033898305 0.034782608695652174
