0 0.5330508474576271 0.07173913043478261 0.13728813559322034 0.14347826086956522
0 0.10169491525423728 0.566304347826087 0.1152542372881356 0.13260869565217392
0 0.4830508474576271 0.5521739130434783 0.09491525423728814 0.08695652173913043
0 0.5161016949152543 0.4043478260869565 0.06610169491525424 0.11304347826086956
0 0.6033898305084746 0.3978260869565217 0.07457627118644068 0.12608695652173912
0 0.6745762711864407 0.3695652173913044 0.10169491525423728 0.0782608695652174
0 0.6779661016949152 0.46956521739130436 0.06779661016949153 0.13478260869565217
0 0.8949152542372881 0.4989130434782609 0.05084745762711864 0.12391304347826088
0 0.8847457627118643 0.39456521739130435 0.12203389830508474 0.09782608695652174
0 0.9720338983050847 0.3532608695652174 0.05254237288135593 0.058695652173913045
2 0.985593220338983 0.44130434782608696 0.02542372881355932 0.06086956521739131
0 0.9686440677966102 0.6456521739130435 0.059322033898305086 0.13478260869565217
0 0.9406779661016949 0.5489130434782609 0.0711864406779661 0.11521739130434783
