0 0.051694915254237285 0.05 0.10338983050847457 0.1
0 0.21101694915254238 0.04891304347826087 0.10677966101694915 0.09782608695652174
0 0.4906779661016949 0.08260869565217391 0.06610169491525424 0.1565217391304348
0 0.6279661016949153 0.06086956521739131 0.13728813559322034 0.10869565217391304
0 0.6550847457627118 0.1815217391304348 0.12372881355932203 0.13260869565217392
0 0.08559322033898305 0.21739130434782608 0.07627118644067796 0.1565217391304348
0 0.42627118644067796 0.266304347826087 0.05254237288135593 0.1282608695652174
0 0.36101694915254234 0.2510869565217391 0.05084745762711864 0.12391304347826088
0 0.27627118644067794 0.25 0.10508474576271186 0.09130434782608696
0 0.6322033898305085 0.3010869565217391 0.10508474576271186 0.08478260869565217
0 0.5372881355932203 0.33043478260869563 0.05084745762711864 0.07391304347826087
0 0.4703389830508474 0.37934782608695655 0.08644067796610169 0.07608695652173914
0 0.5059322033898305 0.3565217391304348 0.03559322033898305 0.04782608695652174
0 0.7406779661016949 0.43043478260869567 0.0983050847457627 0.10434782608695653
0 0.8686440677966102 0.4489130434782609 0.10677966101694915 0.10217391304347827
0 0.9576271186440678 0.3706521739130435 0.0711864406779661 0.07608695652173914
0 0.8728813559322034 0.3521739130434783 0.0983050847457627 0.052173913043478265
0 0.7364406779661017 0.3521739130434783 0.08644067796610169 0.052173913043478265
2 0.8033898305084746 0.3467391304347826 0.03728813559322034 0.041304347826086954
2 0.16779661016949152 0.4673913043478261 0.07457627118644068 0.18695652173913044
0 0.03813559322033898 0.5097826086956522 0.07627118644067796 0.13260869565217392
0 0.053389830508474574 0.7326086956521739 0.08305084745762711 0.14347826086956522
0 0.11440677966101695 0.6706521739130434 0.05254237288135593 0.13260869565217392
0 0.19491525423728814 0.6391304347826087 0.09152542372881356 0.09130434782608696
0 0.1906779661016949 0.7271739130434782 0.09661016949152543 0.08043478260869566
0 0.24576271186440676 0.7902173913043479 0.04406779661016949 0.12391304347826088
0 0.3169491525423729 0.7630434782608696 0.09491525423728814 0.10869565217391304
0 0.31440677966101693 0.6228260869565218 0.09661016949152543 0.07173913043478261
0 0.28389830508474573 0.5304347826086957 0.07288135593220339 0.09565217391304348
0 0.2711864406779661 0.3923913043478261 0.04406779661016949 0.13695652173913045
0 0.36610169491525424 0.4271739130434783 0.06440677966101695 0.1108695652173913
0 0.06694915254237288 0.33804347826086956 0.09661016949152543 0.08043478260869566
0 0.17372881355932202 0.33260869565217394 0.04576271186440678 0.052173913043478265
2 0.23559322033898306 0.36086956521739133 0.05084745762711864 0.1
0 0.12203389830508474 0.48586956521739133 0.0576271186440678 0.1282608695652174
0 0.4440677966101695 0.6706521739130434 0.10508474576271186 0.058695652173913045
0 0.5245762711864407 0.6217391304347826 0.059322033898305086 0.13478260869565217
0 0.6 0.5782608695652174 0.08135593220338982 0.12608695652173912
0 0.7076271186440678 0.533695652173913 0.12033898305084745 0.10217391304347827
0 0.7016949152542372 0.6413043478260869 0.0983050847457627 0.0782608695652174
0 0.7847457627118644 0.6434782608695653 0.09491525423728814 0.08695652173913043
0 0.8949152542372881 0.575 0.06101694915254237 0.14130434782608695
0 0.8279661016949152 0.5826086956521739 0.08983050847457627 0.12608695652173912
0 0.9508474576271186 0.658695652173913 0.09152542372881356 0.09130434782608696
0 0.9101694915254237 0.75 0.10847457627118644 0.10869565217391304
0 0.4694915254237288 0.5489130434782609 0.07457627118644068 0.1108695652173913
0 0.3805084745762712 0.566304347826087 0.09322033898305085 0.0891304347826087
0 0.33728813559322035 0.5076086956521739 0.05084745762711864 0.04565217391304348
0 0.5788135593220339 0.4565217391304348 0.08644067796610169 0.10434782608695653
0 0.46864406779661016 0.4434782608695652 0.07288135593220339 0.08260869565217391
0 0.5279661016949152 0.46195652173913043 0.04576271186440678 0.13695652173913045
0 0.6313559322033898 0.6858695652173913 0.07288135593220339 0.12391304347826088
0 0.37881355932203387 0.7043478260869566 0.08644067796610169 0.10434782608695653
0 0.3966101694915254 0.85 0.0847457627118644 0.08260869565217391
0 0.4516949152542373 0.7717391304347826 0.09999999999999999 0.05652173913043478
2 0.5059322033898305 0.7445652173913043 0.08305084745762711 0.0891304347826087
0 0.6076271186440678 0.7597826086956522 0.07966101694915254 0.08043478260869566
0 0.8525423728813559 0.8326086956521739 0.08813559322033898 0.08695652173913043
0 0.9338983050847457 0.8434782608695652 0.05084745762711864 0.12173913043478261
2 0.7491525423728813 0.7967391304347826 0.08135593220338982 0.09782608695652174
0 0.6661016949152542 0.8108695652173913 0.08135593220338982 0.08260869565217391
0 0.48813559322033895 0.8315217391304348 0.0576271186440678 0.0891304347826087
0 0.9805084745762711 0.7934782608695652 0.03559322033898305 0.05652173913043478
2 0.9796610169491525 0.8782608695652174 0.03728813559322034 0.06521739130434782
2 0.7694915254237288 0.8782608695652174 0.05423728813559322 0.043478260869565216
2 0.7084745762711864 0.8673913043478261 0.0576271186440678 0.06086956521739131
