1 0.8466101694915253 0.2619565217391304 0.1271186440677966 0.14130434782608695
0 0.2771186440677966 0.4108695652173913 0.10338983050847457 0.10869565217391304
0 0.27627118644067794 0.5510869565217391 0.10169491525423728 0.15
0 0.1771186440677966 0.3521739130434783 0.08644067796610169 0.08695652173913043
0 0.4347457627118644 0.3695652173913044 0.07288135593220339 0.09130434782608696
0 0.502542372881356 0.4076086956521739 0.07627118644067796 0.09347826086956522
1 0.5813559322033898 0.3695652173913044 0.07457627118644068 0.09130434782608696
0 0.6635593220338983 0.35434782608695653 0.07288135593220339 0.06956521739130435
0 0.688135593220339 0.44130434782608696 0.09152542372881356 0.1
0 0.8576271186440678 0.4423913043478261 0.10169491525423728 0.0891304347826087
0 0.7457627118644068 0.3673913043478261 0.07796610169491525 0.08260869565217391
0 0.85 0.5239130434782608 0.10338983050847457 0.08260869565217391
1 0.9330508474576271 0.6369565217391304 0.12033898305084745 0.15217391304347827
0 0.9610169491525423 0.5130434782608696 0.0711864406779661 0.13043478260869565
0 0.9694915254237287 0.3891304347826087 0.05423728813559322 0.10869565217391304
1 0.9084745762711864 0.3782608695652174 0.10508474576271186 0.09565217391304348
1 0.8296610169491525 0.36086956521739133 0.04576271186440678 0.052173913043478265
