0 0.8279661016949152 0.7423913043478261 0.08983050847457627 0.14565217391304347
0 0.44661016949152543 0.45543478260869563 0.08644067796610169 0.11956521739130435
0 0.7627118644067796 0.4673913043478261 0.08813559322033898 0.12173913043478261
0 0.6610169491525424 0.557608695652174 0.11864406779661017 0.15
0 0.6271186440677966 0.41630434782608694 0.10508474576271186 0.11956521739130435
0 0.6822033898305084 0.3739130434782609 0.09322033898305085 0.09565217391304348
0 0.7779661016949152 0.35 0.08135593220338982 0.043478260869565216
0 0.8533898305084745 0.44130434782608696 0.08983050847457627 0.1
0 0.9533898305084746 0.45869565217391306 0.08983050847457627 0.08695652173913043
0 0.8796610169491526 0.3673913043478261 0.1152542372881356 0.04782608695652174
0 0.4516949152542373 0.3456521739130435 0.10677966101694915 0.0782608695652174
0 0.23135593220338982 0.33695652173913043 0.07627118644067796 0.08695652173913043
0 0.05847457627118644 0.3423913043478261 0.11694915254237288 0.08043478260869566
2 0.14576271186440679 0.32173913043478264 0.08813559322033898 0.0782608695652174
2 0.573728813559322 0.3293478260869565 0.03220338983050847 0.03695652173913044
2 0.9694915254237287 0.3467391304347826 0.05084745762711864 0.05
