0 0.12542372881355932 0.44130434782608696 0.10169491525423728 0.12608695652173912
0 0.4957627118644068 0.7586956521739131 0.10338983050847457 0.1
0 0.9042372881355932 0.8217391304347826 0.11694915254237288 0.10869565217391304
0 0.9525423728813559 0.6141304347826088 0.09152542372881356 0.09782608695652174
0 0.8491525423728813 0.5467391304347826 0.0847457627118644 0.13260869565217392
0 0.8898305084745762 0.46304347826086956 0.0576271186440678 0.1391304347826087
0 0.7203389830508474 0.657608695652174 0.10847457627118644 0.1108695652173913
0 0.6042372881355932 0.6141304347826088 0.09322033898305085 0.10652173913043478
0 0.4957627118644068 0.5619565217391305 0.06949152542372881 0.13260869565217392
0 0.5559322033898305 0.5065217391304347 0.05423728813559322 0.13478260869565217
0 0.27033898305084747 0.5391304347826087 0.08305084745762711 0.13478260869565217
0 0.2347457627118644 0.25217391304347825 0.07627118644067796 0.11739130434782609
0 0.32796610169491525 0.26956521739130435 0.08644067796610169 0.12173913043478261
0 0.7186440677966102 0.2641304347826087 0.05423728813559322 0.1108695652173913
0 0.4694915254237288 0.20978260869565218 0.0847457627118644 0.15434782608695652
0 0.5440677966101695 0.24565217391304348 0.0847457627118644 0.1
0 0.6211864406779661 0.32173913043478264 0.059322033898305086 0.12173913043478261
0 0.4025423728813559 0.35978260869565215 0.059322033898305086 0.06739130434782609
0 0.31610169491525425 0.4217391304347826 0.09661016949152543 0.08695652173913043
0 0.42966101694915254 0.4608695652173913 0.059322033898305086 0.11739130434782609
0 0.6601694915254237 0.46195652173913043 0.09661016949152543 0.09347826086956522
0 0.7677966101694915 0.5282608695652175 0.08813559322033898 0.1
0 0.738135593220339 0.41847826086956524 0.09661016949152543 0.07608695652173914
0 0.8296610169491525 0.3858695652173913 0.09661016949152543 0.03695652173913044
2 0.735593220338983 0.3532608695652174 0.13220338983050847 0.05434782608695652
0 0.46271186440677964 0.3652173913043478 0.05423728813559322 0.06956521739130435
0 0.5262711864406779 0.3641304347826087 0.06949152542372881 0.08043478260869566
0 0.5788135593220339 0.3684782608695652 0.0288135593220339 0.06304347826086956
2 0.17457627118644067 0.015217391304347827 0.10847457627118644 0.030434782608695653
0 0.030508474576271184 0.3391304347826087 0.06101694915254237 0.06521739130434782
2 0.8745762711864407 0.3565217391304348 0.04067796610169491 0.06086956521739131
0 0.8194915254237288 0.37934782608695655 0.08644067796610169 0.05434782608695652
0 0.835593220338983 0.4315217391304348 0.05423728813559322 0.05434782608695652
2 0.24322033898305084 0.32717391304347826 0.07627118644067796 0.03260869565217391
2 0.7822033898305084 0.34347826086956523 0.03220338983050847 0.043478260869565216
2 0.7135593220338983 0.3576086956521739 0.09491525423728814 0.05434782608695652
0 0.29915254237288136 0.37717391304347825 0.11016949152542373 0.07608695652173914
0 0.9491525423728814 0.41630434782608694 0.0983050847457627 0.06739130434782609
2 0.961864406779661 0.3347826086956522 0.07288135593220339 0.09130434782608696
0 0.9576271186440678 0.23804347826086958 0.08135593220338982 0.10217391304347827
0 0.923728813559322 0.3282608695652174 0.05423728813559322 0.09565217391304348
2 0.7313559322033898 0.014130434782608696 0.1135593220338983 0.02826086956521739
