0 0.4152542372881356 0.10978260869565218 0.10169491525423728 0.21521739130434783
0 0.2288135593220339 0.717391304347826 0.09491525423728814 0.11304347826086956
0 0.8864406779661017 0.682608695652174 0.10508474576271186 0.08695652173913043
0 0.05508474576271186 0.4217391304347826 0.09661016949152543 0.12173913043478261
0 0.14322033898305084 0.3402173913043478 0.07627118644067796 0.06739130434782609
2 0.05508474576271186 0.3347826086956522 0.09322033898305085 0.052173913043478265
0 0.35 0.40108695652173915 0.10338983050847457 0.08478260869565217
0 0.38220338983050844 0.27717391304347827 0.09999999999999999 0.09347826086956522
2 0.3720338983050847 0.34347826086956523 0.09322033898305085 0.030434782608695653
2 0.25677966101694916 0.3347826086956522 0.08644067796610169 0.0391304347826087
0 0.461864406779661 0.3804347826086957 0.05593220338983051 0.10434782608695653
0 0.5889830508474576 0.4565217391304348 0.09322033898305085 0.11739130434782609
0 0.6559322033898305 0.5543478260869565 0.04406779661016949 0.12608695652173912
0 0.5288135593220339 0.36195652173913045 0.06779661016949153 0.06739130434782609
0 0.8694915254237288 0.22065217391304348 0.1152542372881356 0.14565217391304347
0 0.8974576271186441 0.2826086956521739 0.12033898305084745 0.1
0 0.9084745762711864 0.44565217391304346 0.03389830508474576 0.15217391304347827
0 0.9610169491525423 0.49130434782608695 0.0711864406779661 0.11739130434782609
0 0.8067796610169491 0.5097826086956522 0.0576271186440678 0.11956521739130435
0 0.9694915254237287 0.6663043478260869 0.0576271186440678 0.1282608695652174
0 0.7398305084745762 0.5445652173913044 0.06949152542372881 0.13260869565217392
0 0.6898305084745763 0.391304347826087 0.04067796610169491 0.09130434782608696
0 0.6915254237288135 0.4891304347826087 0.07796610169491525 0.10434782608695653
0 0.8516949152542372 0.5119565217391304 0.03559322033898305 0.08043478260869566
0 0.8584745762711864 0.4097826086956522 0.06271186440677966 0.09782608695652174
0 0.7745762711864407 0.3923913043478261 0.09152542372881356 0.09347826086956522
2 0.7983050847457627 0.34782608695652173 0.0847457627118644 0.043478260869565216
0 0.9805084745762711 0.29456521739130437 0.03559322033898305 0.12391304347826088
