0 0.051562500000000004 0.409375 0.08125 0.12708333333333333
0 0.15546875000000002 0.44479166666666664 0.1203125 0.09791666666666667
0 0.27578125000000003 0.9135416666666667 0.060937500000000006 0.07291666666666667
0 0.8367187500000001 0.634375 0.1171875 0.14791666666666667
0 0.828125 0.4270833333333333 0.14375000000000002 0.11666666666666667
0 0.55 0.43333333333333335 0.05 0.12083333333333333
0 0.48515625 0.475 0.0703125 0.14166666666666666
0 0.44765625000000003 0.4197916666666667 0.051562500000000004 0.12291666666666666
0 0.31328125 0.4822916666666667 0.1390625 0.09791666666666667
0 0.28515625 0.5791666666666666 0.1421875 0.1125
0 0.6796875 0.5177083333333333 0.08125 0.16875
0 0.9593750000000001 0.5333333333333333 0.078125 0.12083333333333333
2 0.96640625 0.44895833333333335 0.06406250000000001 0.06875
0 0.765625 0.565625 0.10312500000000001 0.11875
0 0.2765625 0.39791666666666664 0.115625 0.09583333333333333
2 0.61875 0.3958333333333333 0.037500000000000006 0.0375
