0 0.046610169491525424 0.3630434782608696 0.09322033898305085 0.11739130434782609
0 0.2177966101694915 0.3978260869565217 0.10677966101694915 0.09565217391304348
0 0.20677966101694914 0.32717391304347826 0.08135593220338982 0.03260869565217391
2 0.5008474576271186 0.3402173913043478 0.04915254237288135 0.041304347826086954
0 0.6830508474576271 0.3576086956521739 0.0711864406779661 0.06304347826086956
0 0.7627118644067796 0.3706521739130435 0.0576271186440678 0.0891304347826087
0 0.8220338983050848 0.3760869565217391 0.05084745762711864 0.1
0 0.9601694915254237 0.3684782608695652 0.04576271186440678 0.06739130434782609
0 0.8813559322033898 0.35978260869565215 0.06101694915254237 0.06739130434782609
2 0.28559322033898304 0.33369565217391306 0.05593220338983051 0.05
