0 0.752542372881356 0.6021739130434782 0.1152542372881356 0.14782608695652175
0 0.8144067796610169 0.5076086956521739 0.08983050847457627 0.13260869565217392
0 0.535593220338983 0.391304347826087 0.09491525423728814 0.1
0 0.4533898305084746 0.4043478260869565 0.08644067796610169 0.10869565217391304
0 0.6940677966101695 0.40869565217391307 0.07966101694915254 0.12173913043478261
0 0.7872881355932203 0.3978260869565217 0.08983050847457627 0.10869565217391304
0 0.8491525423728813 0.3934782608695652 0.0711864406779661 0.11739130434782609
0 0.9398305084745763 0.4434782608695652 0.08305084745762711 0.12173913043478261
0 0.8576271186440678 0.6239130434782609 0.07457627118644068 0.13043478260869565
0 0.9322033898305084 0.6739130434782609 0.10169491525423728 0.10869565217391304
0 0.9364406779661016 0.3565217391304348 0.06949152542372881 0.043478260869565216
2 0.9762711864406779 0.4097826086956522 0.04067796610169491 0.10652173913043478
0 0.9847457627118644 0.5163043478260869 0.023728813559322035 0.12391304347826088
