0 0.14152542372881355 0.3869565217391304 0.10338983050847457 0.11739130434782609
1 0.24237288135593218 0.3641304347826087 0.06779661016949153 0.1108695652173913
0 0.3635593220338983 0.5891304347826087 0.11694915254237288 0.08695652173913043
0 0.5050847457627119 0.44565217391304346 0.04745762711864407 0.11304347826086956
0 0.376271186440678 0.44130434782608696 0.07796610169491525 0.11304347826086956
0 0.42966101694915254 0.4902173913043478 0.06610169491525424 0.12391304347826088
0 0.4771186440677966 0.3402173913043478 0.11016949152542373 0.07608695652173914
0 0.30338983050847457 0.3532608695652174 0.05423728813559322 0.10652173913043478
1 0.8059322033898305 0.5130434782608696 0.10338983050847457 0.10434782608695653
0 0.873728813559322 0.6565217391304348 0.08983050847457627 0.09565217391304348
1 0.885593220338983 0.36086956521739133 0.08305084745762711 0.07391304347826087
0 0.561864406779661 0.3630434782608696 0.06949152542372881 0.06956521739130435
0 0.5864406779661017 0.5652173913043478 0.0576271186440678 0.16086956521739132
0 0.6483050847457626 0.525 0.06949152542372881 0.11956521739130435
0 0.9347457627118644 0.5836956521739131 0.07288135593220339 0.12391304347826088
0 0.8177966101694915 0.6260869565217392 0.05593220338983051 0.10434782608695653
0 0.714406779661017 0.5141304347826087 0.06610169491525424 0.07608695652173914
0 0.7228813559322034 0.4282608695652174 0.07627118644067796 0.10869565217391304
0 0.7686440677966101 0.3826086956521739 0.06610169491525424 0.09130434782608696
0 0.9669491525423729 0.3641304347826087 0.06271186440677966 0.07608695652173914
0 0.9449152542372881 0.4815217391304348 0.08305084745762711 0.10652173913043478
0 0.8372881355932204 0.4608695652173913 0.08813559322033898 0.07391304347826087
0 0.7610169491525424 0.5869565217391305 0.0576271186440678 0.10869565217391304
0 0.6432203389830509 0.4108695652173913 0.06271186440677966 0.08695652173913043
2 0.04576271186440678 0.32282608695652176 0.09152542372881356 0.04565217391304348
