0 0.7762711864406779 0.16956521739130434 0.09152542372881356 0.19130434782608696
0 0.6177966101694915 0.5054347826086957 0.09322033898305085 0.06304347826086956
2 0.9677966101694915 0.5510869565217391 0.06101694915254237 0.10652173913043478
0 0.611864406779661 0.4260869565217391 0.09491525423728814 0.07391304347826087
0 0.9677966101694915 0.3891304347826087 0.06101694915254237 0.052173913043478265
0 0.9338983050847457 0.35 0.09152542372881356 0.0391304347826087
0 0.7033898305084746 0.4217391304347826 0.07457627118644068 0.08260869565217391
0 0.7533898305084745 0.39021739130434785 0.08983050847457627 0.09347826086956522
0 0.771186440677966 0.5402173913043479 0.03728813559322034 0.11956521739130435
0 0.7127118644067797 0.5771739130434783 0.06949152542372881 0.11521739130434783
0 0.7661016949152543 0.6413043478260869 0.10847457627118644 0.07391304347826087
2 0.9525423728813559 0.9108695652173913 0.05084745762711864 0.043478260869565216
0 0.7610169491525424 0.9619565217391305 0.07796610169491525 0.07173913043478261
2 0.6661016949152542 0.8565217391304348 0.04745762711864407 0.04782608695652174
2 0.6313559322033898 0.3423913043478261 0.08983050847457627 0.03695652173913044
