0 0.7305084745762712 0.55 0.09152542372881356 0.10434782608695653
1 0.9186440677966101 0.5945652173913043 0.11186440677966102 0.10217391304347827
0 0.7796610169491526 0.3858695652173913 0.09152542372881356 0.10217391304347827
0 0.5322033898305084 0.3989130434782609 0.05423728813559322 0.06304347826086956
1 0.5415254237288135 0.34456521739130436 0.09661016949152543 0.07173913043478261
0 0.9550847457627119 0.4152173913043478 0.08305084745762711 0.08260869565217391
0 0.8635593220338983 0.4923913043478261 0.10677966101694915 0.10217391304347827
0 0.638135593220339 0.36086956521739133 0.08305084745762711 0.08260869565217391
0 0.8940677966101694 0.3652173913043478 0.05593220338983051 0.08695652173913043
2 0.9669491525423729 0.5478260869565218 0.06271186440677966 0.10434782608695653
