0 0.43359375 0.4479166666666667 0.1046875 0.19583333333333333
0 0.8171875000000001 0.4739583333333333 0.09375 0.13125
0 0.9632812500000001 0.45416666666666666 0.0703125 0.09583333333333333
0 0.7046875 0.48125 0.125 0.14583333333333334
0 0.6140625000000001 0.4166666666666667 0.065625 0.09166666666666666
0 0.51484375 0.4322916666666667 0.07968750000000001 0.13541666666666666
2 0.049218750000000006 0.33125 0.0765625 0.041666666666666664
2 0.014843750000000001 0.3614583333333333 0.029687500000000002 0.052083333333333336
0 0.5796875 0.46249999999999997 0.05625 0.17083333333333334
2 0.8015625000000001 0.4083333333333333 0.07500000000000001 0.0375
