0 0.6042372881355932 0.41847826086956524 0.07288135593220339 0.11521739130434783
0 0.5008474576271186 0.3760869565217391 0.09999999999999999 0.10434782608695653
0 0.9466101694915254 0.3641304347826087 0.07288135593220339 0.06739130434782609
0 0.8423728813559321 0.3347826086956522 0.13559322033898305 0.09565217391304348
0 0.5745762711864406 0.5445652173913044 0.0983050847457627 0.0891304347826087
0 0.6923728813559322 0.5152173913043478 0.08983050847457627 0.06521739130434782
0 0.7483050847457627 0.4532608695652174 0.09661016949152543 0.10217391304347827
0 0.9220338983050848 0.48695652173913045 0.0847457627118644 0.10434782608695653
2 0.985593220338983 0.5391304347826087 0.02542372881355932 0.0782608695652174
2 0.9491525423728814 0.9130434782608696 0.0576271186440678 0.043478260869565216
2 0.6627118644067796 0.8576086956521739 0.04067796610169491 0.05
