2 0.06864406779661017 0.40652173913043477 0.07288135593220339 0.1565217391304348
2 0.11610169491525424 0.3315217391304348 0.059322033898305086 0.041304347826086954
2 0.01694915254237288 0.33260869565217394 0.03389830508474576 0.052173913043478265
0 0.6093220338983051 0.532608695652174 0.10677966101694915 0.16086956521739132
0 0.5398305084745763 0.44130434782608696 0.059322033898305086 0.10869565217391304
0 0.6491525423728813 0.43043478260869567 0.07796610169491525 0.09565217391304348
2 0.6398305084745762 0.34891304347826085 0.07627118644067796 0.05
0 0.5516949152542373 0.358695652173913 0.09999999999999999 0.07391304347826087
0 0.7279661016949153 0.3739130434782609 0.06271186440677966 0.09130434782608696
0 0.8152542372881356 0.36195652173913045 0.08813559322033898 0.06739130434782609
0 0.8169491525423729 0.4380434782608696 0.06440677966101695 0.0891304347826087
0 0.8610169491525423 0.4597826086956522 0.0711864406779661 0.11956521739130435
0 0.9313559322033899 0.5097826086956522 0.10338983050847457 0.1108695652173913
0 0.9576271186440678 0.3923913043478261 0.08135593220338982 0.09782608695652174
0 0.7745762711864407 0.5076086956521739 0.08813559322033898 0.13260869565217392
